 Conv_Time    Conv_tLength   Completed    Saved_Time   Save_tLength  
        0.0       4.9323   0.4329004329          5.0       4.3968  
       11.0       4.9634   0.865800865801         15.0       4.4012  
       22.0       4.7981   1.2987012987         26.0       4.3896  
       32.0       5.0478   1.7316017316         37.0        4.346  
       43.0        4.886   2.1645021645         48.0       4.3521  
       54.0       5.0659   2.5974025974         58.0       4.3441  
       65.0       5.1138   3.0303030303         69.0       4.4217  
       76.0        4.924   3.4632034632         80.0        4.516  
       86.0       4.8348   3.8961038961         91.0       4.3087  
       97.0       4.9848   4.329004329        102.0       4.3537  
      108.0       4.9903   4.7619047619        112.0       4.2915  
      119.0       4.9675   5.19480519481        123.0       4.3098  
      129.0       4.8541   5.62770562771        134.0       4.2875  
      140.0       4.9633   6.06060606061        144.0       4.2875  
      151.0       4.9092   6.49350649351        155.0       4.2928  
      161.0       4.9154   6.92640692641        165.0       4.2892  
      172.0       4.9028   7.35930735931        176.0       4.3051  
      182.0       4.9086   7.79220779221        187.0       4.3014  
      193.0       4.9149   8.22510822511        197.0       4.2831  
      204.0       4.9597   8.65800865801        208.0       4.2678  
      214.0       4.8389   9.09090909091        218.0       4.2751  
      225.0       4.8597   9.52380952381        229.0       4.2714  
      235.0       4.8707   9.95670995671        240.0       4.2726  
      246.0       4.9535   10.3896103896        250.0       4.3817  
      257.0       4.7495   10.8225108225        261.0         4.59  
      267.0       4.8456   11.2554112554        272.0       4.2753  
      278.0       4.7916   11.6883116883        282.0       4.3232  
      288.0       4.9059   12.1212121212        293.0        4.323  
      299.0       4.9385   12.5541125541        303.0       4.2838  
      310.0       4.8741   12.987012987        314.0       4.2885  
      320.0       4.8464   13.4199134199        325.0       4.2894  
      331.0        4.917   13.8528138528        335.0       4.2773  
      342.0       4.9009   14.2857142857        346.0       4.2951  
      352.0       4.9675   14.7186147186        356.0        4.264  
      363.0       5.1119   15.1515151515        367.0       4.4333  
      375.0        6.072   15.5844155844        380.0       5.1072  
      388.0       5.3847   16.0173160173        393.0       5.2192  
      400.0       5.5088   16.4502164502        405.0          4.9  
      412.0       5.7705   16.8831168831        417.0       5.0835  
      424.0       5.3892   17.316017316        429.0        4.966  
      437.0       5.4029   17.7489177489        442.0       4.9288  
      449.0       6.1228   18.1818181818        454.0       4.8235  
      462.0       5.3535   18.6147186147        467.0       4.9504  
      473.0       5.3106   19.0476190476        478.0       4.7198  
      485.0       5.2524   19.4805194805        490.0       4.7077  
      497.0       5.6171   19.9134199134        502.0       5.0427  
      509.0       5.3847   20.3463203463        514.0       5.0172  
      521.0       5.3717   20.7792207792        526.0       4.8334  
      533.0       5.3717   21.2121212121        538.0        5.144  
      545.0       5.5578   21.645021645        550.0       5.0862  
      557.0       5.3466   22.0779220779        562.0       5.0712  
      569.0       5.5738   22.5108225108        574.0       4.9945  
      581.0        5.358   22.9437229437        586.0       5.1726  
      593.0         5.31   23.3766233766        598.0       5.2944  
      605.0       5.3044   23.8095238095        609.0       4.8213  
      616.0       5.3425   24.2424242424        622.0       5.4898  
      629.0       6.1603   24.6753246753        634.0       4.7152  
      641.0         5.41   25.1082251082        646.0       4.8225  
      653.0        5.402   25.5411255411        657.0        4.606  
      664.0       5.2953   25.974025974        669.0       5.0622  
      676.0       5.7531   26.4069264069        681.0       4.9003  
      688.0        5.396   26.8398268398        693.0       4.9568  
      700.0       5.7446   27.2727272727        705.0       5.0558  
      712.0       5.3676   27.7056277056        717.0       4.9048  
      724.0        5.471   28.1385281385        729.0       4.9603  
      736.0       5.5001   28.5714285714        741.0       4.9017  
      748.0        5.257   29.0043290043        753.0       5.1885  
      760.0       5.7425   29.4372294372        765.0        5.332  
      772.0       5.3747   29.8701298701        777.0        4.777  
      784.0       5.4177   30.303030303        788.0       4.5621  
      795.0       5.3124   30.7359307359        800.0       4.5883  
      807.0       5.4705   31.1688311688        812.0       5.0653  
      818.0       5.3537   31.6017316017        823.0       4.9596  
      830.0       5.4672   32.0346320346        835.0       4.9235  
      842.0       5.3131   32.4675324675        847.0       4.6076  
      854.0       5.3031   32.9004329004        858.0        4.713  
      865.0       5.4243   33.3333333333        870.0       4.7341  
      877.0       5.6303   33.7662337662        882.0        4.667  
      889.0       5.2408   34.1991341991        893.0       4.5618  
      900.0       5.4006   34.632034632        905.0       4.9498  
      913.0       5.5744   35.0649350649        917.0       4.6705  
      925.0       5.6023   35.4978354978        929.0       4.6909  
      936.0       5.3792   35.9307359307        941.0       4.7549  
      948.0        5.379   36.3636363636        954.0       5.3622  
      961.0       5.7515   36.7965367965        967.0       5.7996  
      974.0       5.1881   37.2294372294        979.0         5.19  
      986.0       5.7659   37.6623376623        991.0       4.9009  
      998.0       5.4168   38.0952380952       1003.0       4.6437  
     1010.0       5.4775   38.5281385281       1015.0       4.6244  
     1022.0       5.5785   38.961038961       1027.0       4.6473  
     1034.0       5.5383   39.3939393939       1039.0        4.463  
     1046.0       5.4627   39.8268398268       1050.0        4.684  
     1057.0       5.2496   40.2597402597       1062.0       4.8859  
     1069.0       5.3388   40.6926406926       1074.0       4.6958  
     1081.0       5.3286   41.1255411255       1086.0       4.7335  
     1093.0       5.4923   41.5584415584       1098.0       4.7182  
     1105.0       5.6316   41.9913419913       1110.0       5.0137  
     1117.0       5.3078   42.4242424242       1121.0       4.2651  
     1128.0       4.9174   42.8571428571       1132.0       4.2955  
     1138.0       4.7958   43.29004329       1142.0       4.2417  
     1149.0       4.8464   43.7229437229       1153.0       4.2698  
     1159.0       4.9037   44.1558441558       1164.0       4.2462  
     1170.0       4.7616   44.5887445887       1174.0       4.2539  
     1180.0       4.8641   45.0216450216       1184.0       4.2324  
     1191.0       5.0775   45.4545454545       1196.0        4.541  
     1202.0       5.4063   45.8874458874       1208.0       5.4459  
     1215.0       5.2518   46.3203463203       1219.0       4.6446  
     1226.0       5.2189   46.7532467532       1231.0       4.4706  
     1238.0       5.3377   47.1861471861       1242.0       4.6251  
     1249.0       5.2952   47.619047619       1254.0       4.8866  
     1261.0        5.327   48.0519480519       1265.0       4.8242  
     1272.0       5.3417   48.4848484848       1277.0       4.9879  
     1284.0       5.2843   48.9177489177       1289.0       4.7061  
     1295.0       5.3009   49.3506493506       1300.0       5.0736  
     1307.0       5.2792   49.7835497835       1313.0        6.001  
     1321.0       5.6969   50.2164502165       1325.0       4.6333  
     1332.0       5.6975   50.6493506494       1337.0       4.9485  
     1344.0       5.2834   51.0822510823       1349.0       4.9348  
     1356.0       5.5372   51.5151515152       1361.0       4.8378  
     1368.0       5.5643   51.9480519481       1373.0        5.687  
     1381.0       5.7033   52.380952381       1386.0       4.8816  
     1392.0       5.3553   52.8138528139       1397.0       4.9684  
     1405.0       5.9151   53.2467532468       1410.0       4.8735  
     1416.0       5.3664   53.6796536797       1422.0         5.96  
     1429.0       5.3451   54.1125541126       1434.0        4.987  
     1441.0       5.3729   54.5454545455       1446.0       4.9062  
     1453.0       5.2796   54.9783549784       1458.0       4.9329  
     1464.0       5.3826   55.4112554113       1469.0       4.8368  
     1476.0       5.3498   55.8441558442       1481.0       4.6756  
     1488.0       5.3571   56.2770562771       1492.0       4.7834  
     1500.0        6.142   56.70995671       1505.0       5.1468  
     1512.0       5.3961   57.1428571429       1517.0       4.8663  
     1524.0        5.602   57.5757575758       1529.0       4.9039  
     1536.0       5.6551   58.0086580087       1541.0       4.8236  
     1548.0       5.3589   58.4415584416       1553.0       5.0486  
     1559.0       5.4053   58.8744588745       1565.0       5.4679  
     1572.0        5.416   59.3073593074       1577.0       5.6487  
     1584.0        5.279   59.7402597403       1589.0       5.1384  
     1596.0       5.3057   60.1731601732       1601.0       4.9512  
     1608.0       5.3178   60.6060606061       1613.0       4.9126  
     1620.0       5.4025   61.038961039       1624.0       4.7228  
     1631.0       5.3447   61.4718614719       1636.0       4.6816  
     1643.0        5.335   61.9047619048       1648.0       4.9436  
     1655.0       5.3531   62.3376623377       1659.0       4.5455  
     1666.0       5.3687   62.7705627706       1671.0       4.6396  
     1678.0       5.4221   63.2034632035       1683.0       4.6629  
     1690.0       5.3542   63.6363636364       1694.0       4.6878  
     1702.0       5.9974   64.0692640693       1707.0        4.713  
     1714.0       5.3936   64.5021645022       1719.0       4.9179  
     1726.0       5.4837   64.9350649351       1731.0       5.1463  
     1738.0       5.5691   65.367965368       1743.0       4.6328  
     1750.0       5.3503   65.8008658009       1754.0       4.6018  
     1762.0       5.4237   66.2337662338       1766.0       4.6296  
     1775.0       6.7229   66.6666666667       1779.0       4.8912  
     1786.0       5.4342   67.0995670996       1792.0       5.2311  
     1799.0       5.3856   67.5324675325       1804.0       4.9533  
     1811.0       5.3192   67.9653679654       1816.0       5.4492  
     1823.0       5.5662   68.3982683983       1828.0       5.1991  
     1836.0       5.5618   68.8311688312       1841.0       5.1942  
     1848.0       5.6949   69.2640692641       1853.0        5.001  
     1860.0       5.6602   69.696969697       1865.0       4.7989  
     1872.0        6.177   70.1298701299       1877.0       4.7271  
     1884.0       5.7607   70.5627705628       1889.0         4.68  
     1896.0       5.6206   70.9956709957       1901.0       4.7161  
     1908.0       5.7744   71.4285714286       1913.0       4.6624  
     1920.0       5.5011   71.8614718615       1924.0       4.8005  
     1931.0       5.5456   72.2943722944       1936.0       4.5461  
     1943.0       5.8775   72.7272727273       1948.0       4.6307  
     1955.0       5.7012   73.1601731602       1960.0       4.6013  
     1967.0       5.7053   73.5930735931       1972.0       4.8254  
     1979.0       5.5261   74.025974026       1983.0       4.5257  
     1990.0       5.3204   74.4588744589       1995.0       4.5851  
     2002.0       5.4163   74.8917748918       2006.0       4.7307  
     2013.0       5.3216   75.3246753247       2018.0       4.6372  
     2025.0       5.5707   75.7575757576       2030.0       5.1149  
     2037.0       5.4168   76.1904761905       2042.0       4.7051  
     2050.0       5.7813   76.6233766234       2054.0       4.7668  
     2062.0       5.6835   77.0562770563       2066.0       4.5118  
     2073.0       5.2101   77.4891774892       2078.0       4.4558  
     2085.0       5.4613   77.9220779221       2090.0        5.047  
     2097.0       5.1833   78.354978355       2102.0       5.2129  
     2109.0       5.2988   78.7878787879       2114.0       5.0091  
     2121.0       5.2594   79.2207792208       2126.0       5.2261  
     2133.0       5.3154   79.6536796537       2138.0       4.6531  
     2145.0       5.5332   80.0865800866       2150.0       4.6154  
     2157.0       5.8599   80.5194805195       2162.0       4.4265  
     2169.0       5.2337   80.9523809524       2173.0       4.7071  
     2180.0       5.3974   81.3852813853       2185.0       4.5966  
     2192.0       5.3461   81.8181818182       2197.0       4.5011  
     2203.0       5.3291   82.2510822511       2208.0       4.4723  
     2215.0        5.311   82.683982684       2219.0       4.7723  
     2226.0       5.5614   83.1168831169       2231.0       4.7968  
     2238.0       5.3232   83.5497835498       2243.0       4.7687  
     2250.0       5.6112   83.9826839827       2255.0       4.4965  
     2262.0       5.6515   84.4155844156       2266.0       4.4976  
     2273.0       5.6004   84.8484848485       2278.0       4.5919  
     2285.0       5.4345   85.2813852814       2289.0       4.6323  
     2296.0       5.6358   85.7142857143       2301.0       4.5517  
     2308.0       5.4806   86.1471861472       2313.0       4.6952  
     2320.0       5.4058   86.5800865801       2324.0        4.525  
     2331.0       5.4378   87.012987013       2336.0       4.5955  
     2342.0       5.3971   87.4458874459       2347.0        4.597  
     2354.0       5.3046   87.8787878788       2359.0       4.8445  
     2366.0       5.4909   88.3116883117       2371.0       4.9041  
     2377.0       5.2902   88.7445887446       2382.0       4.7666  
     2389.0       5.8101   89.1774891775       2394.0        4.903  
     2401.0       5.5697   89.6103896104       2406.0       4.7166  
     2413.0       5.7566   90.0432900433       2418.0       4.8588  
     2425.0       5.2953   90.4761904762       2431.0       5.9126  
     2448.0      16.0146   90.9090909091       2509.0      60.9705  
     2662.0     150.8946   91.341991342       2677.0      15.2393  
     2900.0     221.4772   91.7748917749       3010.0     110.4043  
     3228.0     215.7907   92.2077922078       3421.0     193.7354  
     3611.0     187.4703   92.6406926407       3685.0      74.1716  
     3889.0     203.1322   93.0735930736       3938.0      49.0154  
     4249.0     245.5077   93.5064935065       4301.0      52.3708  
     4478.0     114.0437   93.9393939394       4513.0      35.6795  
     4755.0     152.9323   94.3722943723       4811.0      56.4468  
     5063.0     150.3758   94.8051948052       5161.0       97.973  
     5470.0     236.8845   95.2380952381       5519.0      48.5687  
     5790.0     269.5724   95.670995671       5844.0       53.769  
     5970.0     124.4503   96.1038961039       6047.0      76.4777  
     6287.0     238.3171   96.5367965368       6296.0       9.2508  
     6429.0     131.7284   96.9696969697       6471.0      42.0669  
     6716.0     242.9018   97.4025974026       6768.0       52.215  
     6969.0     199.1559   97.8354978355       7059.0      90.3576  
     7154.0      92.6794   98.2683982684       7251.0       97.328  
     7504.0     251.0575   98.7012987013       7563.0      58.7051  
     7792.0     227.5591   99.1341991342       7868.0      75.4701  
     7944.0      74.3758   99.5670995671       8004.0      59.9981  
     8215.0     112.9569        100.0       8263.0      47.5708  
