 Conv_Time    Conv_tLength   Completed    Saved_Time   Save_tLength  
      115.0      28.4277   0.4329004329        118.0       2.8127  
      149.0      28.9723   0.865800865801        152.0       2.7832  
      182.0      29.0256   1.2987012987        185.0       2.8154  
      214.0      28.1771   1.7316017316        217.0       3.0306  
      247.0       27.932   2.1645021645        250.0       2.7121  
      280.0      29.2324   2.5974025974        283.0       3.1365  
      315.0      30.0812   3.0303030303        318.0       2.6972  
      348.0      28.8747   3.4632034632        351.0       2.7427  
      382.0      29.4844   3.8961038961        384.0       2.7134  
      415.0      28.7657   4.329004329        417.0       2.7265  
      447.0      28.4512   4.7619047619        450.0       2.7015  
      481.0      29.5708   5.19480519481        484.0       2.7597  
      513.0      28.3196   5.62770562771        516.0       2.7212  
      548.0      30.1673   6.06060606061        551.0       2.7416  
      581.0       29.317   6.49350649351        584.0       2.7161  
      616.0      30.0692   6.92640692641        618.0       2.7757  
      648.0      28.4643   7.35930735931        651.0       2.7299  
      680.0      28.0054   7.79220779221        683.0       2.8081  
      713.0      28.2251   8.22510822511        716.0       2.7771  
      746.0      28.4895   8.65800865801        748.0       2.8139  
      780.0      29.9086   9.09090909091        782.0       2.6567  
      814.0      30.0982   9.52380952381        817.0       2.7245  
      847.0      28.3823   9.95670995671        849.0       2.6949  
      880.0      28.7488   10.3896103896        882.0         2.69  
      912.0      28.4823   10.8225108225        915.0        2.731  
      945.0         28.5   11.2554112554        948.0       2.7158  
      978.0      29.1604   11.6883116883        981.0       2.7639  
     1012.0      29.5159   12.1212121212       1015.0       2.8521  
     1045.0      28.8741   12.5541125541       1048.0       2.6414  
     1078.0       28.775   12.987012987       1081.0       2.7163  
     1111.0      28.9082   13.4199134199       1114.0       2.7518  
     1144.0      28.6617   13.8528138528       1147.0       2.6972  
     1176.0      28.4209   14.2857142857       1179.0       2.6664  
     1210.0      29.2404   14.7186147186       1213.0       2.7182  
     1243.0      28.6637   15.1515151515       1245.0       2.6127  
     1276.0      28.9969   15.5844155844       1278.0       2.6237  
     1310.0      30.0946   16.0173160173       1313.0       2.6685  
     1343.0      28.7229   16.4502164502       1345.0       2.6386  
     1376.0      28.9506   16.8831168831       1378.0       2.6312  
     1409.0      28.6823   17.316017316       1411.0       2.6252  
     1441.0      28.4295   17.7489177489       1444.0       2.5977  
     1473.0      28.2983   18.1818181818       1476.0       2.6428  
     1507.0      29.5257   18.6147186147       1510.0       2.6044  
     1540.0      29.1716   19.0476190476       1543.0        2.629  
     1573.0      28.1477   19.4805194805       1575.0       2.6152  
     1605.0      28.3258   19.9134199134       1608.0       2.7931  
     1637.0      28.2004   20.3463203463       1640.0       2.6621  
     1670.0      28.3334   20.7792207792       1672.0       2.6054  
     1703.0      28.9421   21.2121212121       1705.0       2.6148  
     1735.0      28.5812   21.645021645       1738.0       2.6133  
     1768.0      28.9917   22.0779220779       1771.0       2.6261  
     1802.0      29.5449   22.5108225108       1805.0       2.6179  
     1835.0      29.1133   22.9437229437       1838.0       2.6505  
     1868.0      29.0452   23.3766233766       1871.0       2.6118  
     1902.0       29.387   23.8095238095       1905.0       2.7053  
     1935.0      28.5248   24.2424242424       1937.0       2.6304  
     1969.0      30.1528   24.6753246753       1971.0       2.6296  
     2002.0      29.4081   25.1082251082       2005.0       2.5976  
     2034.0       27.989   25.5411255411       2037.0       2.7096  
     2068.0      29.7618   25.974025974       2071.0       2.6547  
     2102.0      29.2746   26.4069264069       2104.0       2.6181  
     2134.0      28.6639   26.8398268398       2138.0       3.1498  
     2168.0      28.0562   27.2727272727       2170.0       2.6034  
     2200.0      28.2924   27.7056277056       2203.0       2.6019  
     2234.0      29.8074   28.1385281385       2236.0       2.6472  
     2267.0       29.405   28.5714285714       2270.0       2.6109  
     2300.0      28.9604   29.0043290043       2303.0       2.6247  
     2333.0       28.447   29.4372294372       2335.0       2.6131  
     2365.0       28.186   29.8701298701       2368.0       2.6909  
     2399.0      29.6005   30.303030303       2401.0       2.6283  
     2431.0      28.5736   30.7359307359       2434.0       2.6469  
     2465.0      29.1069   31.1688311688       2467.0       2.6533  
     2497.0      28.1974   31.6017316017       2500.0       2.6032  
     2530.0      28.5827   32.0346320346       2532.0       2.6199  
     2563.0      29.1192   32.4675324675       2566.0       2.8913  
     2596.0      28.5983   32.9004329004       2598.0       2.6131  
     2629.0      29.5638   33.3333333333       2632.0       2.6319  
     2662.0      28.3558   33.7662337662       2665.0       2.7009  
     2695.0      28.6051   34.1991341991       2697.0       2.6985  
     2729.0      29.9154   34.632034632       2731.0       2.6204  
     2761.0      28.3824   35.0649350649       2764.0       2.6171  
     2793.0      28.1524   35.4978354978       2796.0       2.6355  
     2826.0      29.0301   35.9307359307       2829.0       2.5983  
     2860.0      29.9536   36.3636363636       2863.0       2.6211  
     2893.0      28.4748   36.7965367965       2896.0       2.8298  
     2925.0      27.8349   37.2294372294       2928.0       2.6126  
     2957.0      28.1664   37.6623376623       2960.0       2.5947  
     2990.0      28.7196   38.0952380952       2993.0       2.6136  
     3023.0      28.8998   38.5281385281       3026.0       2.6334  
     3057.0      29.4196   38.961038961       3059.0        2.631  
     3090.0       28.811   39.3939393939       3092.0       2.6007  
     3123.0      29.5015   39.8268398268       3126.0       2.6106  
     3155.0      28.2356   40.2597402597       3158.0       2.6023  
     3187.0      27.9738   40.6926406926       3190.0       2.6197  
     3220.0      28.3303   41.1255411255       3223.0       2.7133  
     3252.0      28.2775   41.5584415584       3255.0        2.634  
     3286.0        29.33   41.9913419913       3289.0       2.8116  
     3319.0      29.4617   42.4242424242       3322.0       2.5982  
     3352.0      28.3743   42.8571428571       3355.0       2.6026  
     3385.0       29.288   43.29004329       3388.0       2.5994  
     3418.0      28.3182   43.7229437229       3420.0        2.644  
     3450.0       28.772   44.1558441558       3453.0       2.7921  
     3485.0      30.6008   44.5887445887       3488.0       3.1028  
     3520.0      29.4215   45.0216450216       3523.0       3.2049  
     3555.0      30.4495   45.4545454545       3558.0       3.1062  
     3588.0      28.4533   45.8874458874       3591.0       2.7629  
     3622.0      29.4436   46.3203463203       3625.0       2.9315  
     3654.0      27.9123   46.7532467532       3657.0       2.9135  
     3688.0      28.8638   47.1861471861       3691.0       3.0103  
     3721.0      27.9197   47.619047619       3724.0       2.8546  
     3753.0       27.617   48.0519480519       3756.0       2.7679  
     3785.0      27.5278   48.4848484848       3788.0       3.1139  
     3818.0      28.2777   48.9177489177       3821.0       2.8363  
     3851.0      28.3219   49.3506493506       3854.0       2.8524  
     3884.0      28.3236   49.7835497835       3887.0       3.0182  
     3916.0      28.0028   50.2164502165       3919.0        2.991  
     3949.0      28.1874   50.6493506494       3952.0       2.9191  
     3982.0      27.9937   51.0822510823       3985.0       2.8309  
     4015.0      28.8126   51.5151515152       4018.0       3.1438  
     4049.0      29.0027   51.9480519481       4052.0       2.7791  
     4081.0       28.126   52.380952381       4084.0       2.7068  
     4114.0      28.0994   52.8138528139       4116.0       2.6815  
     4147.0      28.6322   53.2467532468       4150.0       2.6619  
     4181.0      29.6883   53.6796536797       4184.0       2.7488  
     4215.0      28.9723   54.1125541126       4218.0       2.9018  
     4248.0      28.0884   54.5454545455       4250.0       2.6652  
     4282.0      29.6719   54.9783549784       4284.0        2.646  
     4314.0      28.5576   55.4112554113       4317.0       2.7127  
     4348.0      29.6307   55.8441558442       4351.0       2.6408  
     4382.0      28.9866   56.2770562771       4384.0       2.6393  
     4415.0      28.8427   56.70995671       4418.0       2.7498  
     4448.0      29.1137   57.1428571429       4451.0       2.6404  
     4483.0      30.3231   57.5757575758       4486.0       2.7606  
     4516.0      28.4578   58.0086580087       4519.0       2.7517  
     4549.0      28.5774   58.4415584416       4552.0       2.7565  
     4582.0       28.534   58.8744588745       4585.0        3.224  
     4615.0        27.68   59.3073593074       4618.0       2.7726  
     4649.0      29.1511   59.7402597403       4651.0       2.6346  
     4682.0      28.6225   60.1731601732       4684.0       2.6558  
     4714.0      28.3048   60.6060606061       4717.0       2.7196  
     4748.0      28.5307   61.038961039       4750.0       2.6463  
     4781.0      28.6366   61.4718614719       4783.0       2.6295  
     4813.0      28.2945   61.9047619048       4816.0       2.6369  
     4846.0      28.9631   62.3376623377       4849.0       2.7478  
     4879.0      27.8351   62.7705627706       4881.0       2.7639  
     4912.0      28.7441   63.2034632035       4915.0       2.8984  
     4945.0      27.9333   63.6363636364       4947.0       2.7349  
     4979.0      29.4717   64.0692640693       4982.0       3.2541  
     5011.0      27.6564   64.5021645022       5014.0       2.7742  
     5043.0      27.5504   64.9350649351       5046.0       2.7462  
     5075.0      27.4115   65.367965368       5078.0       2.7314  
     5108.0      28.5232   65.8008658009       5111.0       2.7602  
     5140.0      28.0143   66.2337662338       5143.0       2.7531  
     5174.0      29.0138   66.6666666667       5176.0       2.7841  
     5214.0      35.2562   67.0995670996       5217.0       3.3247  
     5458.0     239.4327   67.5324675325       5461.0       2.8894  
     5702.0     239.5877   67.9653679654       5705.0         2.74  
     5977.0     270.6184   68.3982683983       5980.0       2.8108  
     6261.0     279.8014   68.8311688312       6264.0       2.8523  
     6521.0     255.5988   69.2640692641       6524.0       2.8518  
     6883.0     357.1692   69.696969697       6886.0       2.8353  
     7371.0     482.9943   70.1298701299       7373.0       2.8632  
     7525.0     149.6324   70.5627705628       7528.0       2.8271  
     8032.0     502.6527   70.9956709957       8035.0       2.7409  
     8351.0     313.3473   71.4285714286       8354.0       2.9841  
     8706.0     350.5198   71.8614718615       8709.0       2.8303  
     9102.0     391.5388   72.2943722944       9105.0       2.8491  
     9379.0     272.4216   72.7272727273       9382.0       2.6848  
     9635.0      251.412   73.1601731602       9638.0       3.0667  
    10149.0     509.7127   73.5930735931      10152.0       2.9098  
    10589.0     435.2035   74.025974026      10591.0       2.7713  
    10923.0     329.1528   74.4588744589      10926.0       2.6681  
    11182.0     255.2434   74.8917748918      11185.0       2.6895  
    11728.0      541.366   75.3246753247      11731.0       2.6618  
    12080.0     348.4264   75.7575757576      12083.0       2.6529  
    12410.0     325.4445   76.1904761905      12413.0       2.6635  
    12704.0     289.9815   76.6233766234      12707.0       2.6417  
    13099.0     390.4038   77.0562770563      13101.0       2.6944  
    13454.0     350.8548   77.4891774892      13457.0       2.8022  
    13903.0     445.0985   77.9220779221      13906.0        2.665  
    14428.0     520.8555   78.354978355      14431.0       2.6433  
    14795.0     362.9051   78.7878787879      14798.0       2.7013  
    15267.0     467.6759   79.2207792208      15270.0        2.669  
    15696.0      424.091   79.6536796537      15698.0        2.681  
    16211.0     511.0691   80.0865800866      16214.0       2.6469  
    16670.0        455.1   80.5194805195      16673.0       2.6704  
    17335.0     660.5957   80.9523809524      17338.0       2.6666  
    17731.0     391.8596   81.3852813853      17734.0       2.7133  
    18085.0     349.3748   81.8181818182      18087.0       2.7221  
    18515.0     426.5225   82.2510822511      18518.0       2.6686  
    19054.0     533.9946   82.683982684      19056.0       2.7392  
    19439.0     381.3977   83.1168831169      19442.0       2.6783  
    19768.0     324.9712   83.5497835498      19771.0       2.6362  
    20228.0     455.7054   83.9826839827      20231.0       2.6776  
    20497.0     265.0514   84.4155844156      20500.0       2.7982  
    20801.0     299.0261   84.8484848485      20804.0       3.0012  
    21277.0     471.4757   85.2813852814      21279.0       2.6688  
    21597.0     316.1805   85.7142857143      21600.0       2.8751  
    21998.0     397.0384   86.1471861472      22001.0        2.694  
    22483.0     480.1035   86.5800865801      22485.0       2.6572  
    22822.0     335.2359   87.012987013      22825.0       2.6871  
    23377.0     550.7753   87.4458874459      23380.0         2.78  
    23727.0     345.1917   87.8787878788      23729.0       2.6832  
    24058.0     327.5156   88.3116883117      24061.0       2.7063  
    24381.0     318.1934   88.7445887446      24383.0       2.6974  
    24661.0     276.3596   89.1774891775      24664.0       2.7133  
    25074.0     408.3413   89.6103896104      25077.0        2.671  
    25541.0      462.617   90.0432900433      25544.0       3.1859  
    25911.0     365.2597   90.4761904762      25913.0       2.8619  
    26253.0     338.3408   90.9090909091      26256.0       2.6448  
    26540.0     283.0696   91.341991342      26544.0       3.2125  
    26939.0     394.1781   91.7748917749      26942.0       2.8239  
    27370.0     426.3235   92.2077922078      27373.0       2.6568  
    27871.0     497.1978   92.6406926407      27874.0       2.6372  
    28432.0     556.5226   93.0735930736      28435.0       2.7642  
    28521.0      84.7465   93.5064935065      28524.0       2.7099  
    28877.0     352.0679   93.9393939394      28880.0       2.6396  
    29297.0      415.184   94.3722943723      29299.0       2.6995  
    29898.0     596.6338   94.8051948052      29900.0       2.7211  
    30166.0     264.5282   95.2380952381      30169.0       2.7358  
    30452.0     281.4238   95.670995671      30455.0       2.6494  
    30776.0     319.6651   96.1038961039      30779.0       2.7495  
    30991.0     210.8337   96.5367965368      30994.0       2.6358  
    31419.0     423.6033   96.9696969697      31422.0       2.6587  
    31781.0     357.7891   97.4025974026      31784.0       2.6683  
    32206.0      420.789   97.8354978355      32209.0       2.6665  
    32630.0     419.6446   98.2683982684      32633.0       2.6872  
    32960.0     326.1645   98.7012987013      32963.0       2.7786  
    33762.0     797.5012   99.1341991342      33765.0       3.4027  
    35334.0    1566.3487   99.5670995671      35338.0       4.1871  
    36193.0     852.0467        100.0      36197.0       4.0928  
