 Conv_Time    Conv_tLength   Completed    Saved_Time   Save_tLength  
      468.0       8.4418   0.434782608696        472.0       3.9261  
      480.0       8.1399   0.869565217391        484.0       4.0084  
      492.0       7.5992   1.30434782609        496.0       3.9612  
      503.0       7.5176   1.73913043478        507.0       3.7695  
      515.0       7.8382   2.17391304348        519.0       3.8259  
      527.0       8.1531   2.60869565217        531.0       3.8783  
      539.0       8.1775   3.04347826087        543.0       3.8851  
      551.0       8.5254   3.47826086957        555.0       3.9563  
      563.0       8.2542   3.91304347826        567.0         3.87  
      576.0       8.6543   4.34782608696        580.0        3.988  
      588.0       8.0205   4.78260869565        592.0       3.8522  
      600.0       8.5835   5.21739130435        604.0       3.9413  
      612.0       7.9814   5.65217391304        616.0       3.8364  
      624.0       8.2321   6.08695652174        628.0       3.9187  
      636.0       8.0288   6.52173913043        640.0       3.9012  
      649.0       8.3995   6.95652173913        653.0       3.9894  
      661.0       8.6295   7.39130434783        665.0       4.0267  
      674.0        8.395   7.82608695652        678.0       3.9844  
      686.0       8.3298   8.26086956522        690.0       3.9545  
      698.0       8.3161   8.69565217391        702.0       3.9618  
      711.0       8.5086   9.13043478261        715.0       4.0693  
      723.0       8.2763   9.5652173913        727.0       3.9266  
      736.0       8.6616         10.0        740.0       4.0134  
      748.0       8.4828   10.4347826087        752.0       4.0839  
      768.0      15.4225   10.8695652174        772.0       4.0572  
      782.0      10.0396   11.3043478261        786.0       3.8654  
      794.0       8.5845   11.7391304348        798.0       3.9919  
      807.0       8.1505   12.1739130435        811.0       3.9092  
      819.0       8.1318   12.6086956522        823.0       3.9638  
      831.0       8.1581   13.0434782609        835.0       3.9121  
      843.0       8.0721   13.4782608696        847.0       4.0147  
      856.0        8.715   13.9130434783        859.0       3.9105  
      868.0       8.6912   14.347826087        872.0       3.8065  
      880.0       8.0069   14.7826086957        884.0       3.9432  
      892.0        8.039   15.2173913043        896.0       3.8113  
      904.0       8.1378   15.652173913        908.0       3.8974  
      916.0       7.7336   16.0869565217        919.0       3.8514  
      928.0       8.3133   16.5217391304        932.0       3.9363  
      939.0        7.428   16.9565217391        943.0       3.7589  
      951.0       8.1982   17.3913043478        955.0       4.0226  
      963.0       8.2591   17.8260869565        968.0       4.0667  
      976.0       8.1698   18.2608695652        980.0       4.0155  
      988.0       8.2946   18.6956521739        992.0       4.0238  
     1000.0       8.1423   19.1304347826       1004.0       4.0332  
     1012.0       8.2003   19.5652173913       1017.0       4.0669  
     1025.0       8.2778         20.0       1029.0       4.0477  
     1037.0       8.1781   20.4347826087       1041.0       4.0388  
     1050.0       8.4118   20.8695652174       1054.0       4.2149  
     1062.0       8.3604   21.3043478261       1066.0       4.1177  
     1074.0       8.2568   21.7391304348       1079.0       4.1601  
     1087.0       8.2286   22.1739130435       1091.0       4.0242  
     1099.0       8.1947   22.6086956522       1103.0       3.9826  
     1111.0       8.1615   23.0434782609       1115.0       3.9887  
     1124.0       8.2256   23.4782608696       1128.0       4.0314  
     1136.0        8.131   23.9130434783       1140.0       4.0511  
     1148.0       8.2492   24.347826087       1152.0       3.9071  
     1160.0       8.1578   24.7826086957       1164.0       4.0128  
     1172.0        8.147   25.2173913043       1176.0       3.8854  
     1184.0       8.0712   25.652173913       1188.0        3.899  
     1196.0       8.1401   26.0869565217       1200.0       3.8554  
     1208.0       8.1127   26.5217391304       1212.0        3.923  
     1220.0       8.1146   26.9565217391       1224.0       3.8763  
     1232.0       8.1126   27.3913043478       1236.0       3.8282  
     1244.0        8.158   27.8260869565       1248.0       3.9131  
     1256.0       8.1281   28.2608695652       1260.0       3.8911  
     1268.0       8.0385   28.6956521739       1272.0       3.8286  
     1280.0       8.2013   29.1304347826       1284.0       3.9562  
     1293.0       8.2721   29.5652173913       1296.0       3.8454  
     1305.0       8.2066         30.0       1309.0       3.9348  
     1317.0       8.1621   30.4347826087       1321.0       3.9476  
     1329.0       8.1642   30.8695652174       1333.0       3.8997  
     1341.0        8.363   31.3043478261       1345.0       4.0439  
     1354.0       8.7666   31.7391304348       1358.0       4.3268  
     1367.0       9.0706   32.1739130435       1372.0       4.5566  
     1381.0       8.8182   32.6086956522       1385.0       4.0842  
     1394.0       9.1064   33.0434782609       1398.0       4.3787  
     1407.0        9.014   33.4782608696       1412.0       4.4835  
     1420.0        8.264   33.9130434783       1424.0       3.8431  
     1432.0       8.3534   34.347826087       1436.0         4.01  
     1445.0       8.3736   34.7826086957       1449.0        4.006  
     1457.0       8.2997   35.2173913043       1461.0       3.9345  
     1469.0       8.3112   35.652173913       1473.0       3.9728  
     1482.0       8.3737   36.0869565217       1486.0        4.073  
     1494.0       8.4008   36.5217391304       1498.0       4.1223  
     1507.0       8.3153   36.9565217391       1511.0       4.1705  
     1519.0       8.3337   37.3913043478       1523.0       4.2195  
     1532.0       8.6161   37.8260869565       1536.0       4.1205  
     1545.0       8.3113   38.2608695652       1549.0       4.0411  
     1557.0       8.3865   38.6956521739       1561.0       4.0362  
     1569.0       8.3275   39.1304347826       1573.0       4.0565  
     1582.0        8.364   39.5652173913       1586.0       3.9045  
     1595.0       9.1357         40.0       1599.0       3.9435  
     1608.0       9.3831   40.4347826087       1612.0       4.0956  
     1621.0         9.03   40.8695652174       1626.0       4.4054  
     1635.0       9.3093   41.3043478261       1640.0       4.4947  
     1649.0       9.3872   41.7391304348       1653.0       4.5097  
     1663.0       9.3352   42.1739130435       1667.0       4.6676  
     1676.0       8.8361   42.6086956522       1680.0       4.1577  
     1689.0       8.4233   43.0434782609       1693.0       3.9719  
     1701.0       8.5558   43.4782608696       1705.0        3.986  
     1714.0       8.3082   43.9130434783       1718.0       3.9314  
     1726.0       8.4164   44.347826087       1730.0       3.9879  
     1739.0       8.3825   44.7826086957       1742.0       3.9539  
     1752.0       9.9942   45.2173913043       1756.0       3.8854  
     1765.0       8.1694   45.652173913       1768.0       3.9221  
     1776.0       7.5178   46.0869565217       1780.0       3.7473  
     1787.0       7.4513   46.5217391304       1791.0       3.7948  
     1798.0       7.3366   46.9565217391       1802.0        3.802  
     1810.0       7.8851   47.3913043478       1814.0       3.8861  
     1822.0       7.9011   47.8260869565       1826.0       3.9279  
     1833.0       7.6584   48.2608695652       1837.0       3.8208  
     1845.0       7.6142   48.6956521739       1849.0       3.6747  
     1856.0       7.3571   49.1304347826       1860.0       3.7848  
     1867.0       7.3607   49.5652173913       1871.0       3.8209  
     1879.0       7.8349         50.0       1883.0       3.8976  
     1890.0       7.6364   50.4347826087       1894.0       3.7053  
     1902.0       7.5556   50.8695652174       1905.0       3.7065  
     1913.0       7.3667   51.3043478261       1916.0       3.7533  
     1924.0       7.3939   51.7391304348       1928.0       3.9497  
     1935.0       7.5816   52.1739130435       1939.0       3.9017  
     1947.0       7.6371   52.6086956522       1951.0       3.7297  
     1958.0       7.6036   53.0434782609       1962.0        3.796  
     1969.0       7.3619   53.4782608696       1973.0       3.7641  
     1981.0       7.4284   53.9130434783       1985.0       3.8804  
     1992.0       7.6815   54.347826087       1996.0       3.9385  
     2004.0       7.5837   54.7826086957       2008.0        3.763  
     2015.0       7.4709   55.2173913043       2019.0       3.7779  
     2026.0       7.3358   55.652173913       2030.0       3.7588  
     2038.0       7.9846   56.0869565217       2042.0       3.9004  
     2050.0       7.7792   56.5217391304       2054.0       3.9606  
     2061.0       7.4395   56.9565217391       2065.0       3.6662  
     2072.0       7.3992   57.3913043478       2076.0       3.7475  
     2083.0       7.3795   57.8260869565       2088.0       4.3488  
     2132.0      44.5247   58.2608695652       2137.0       4.5678  
     2146.0       9.5788   58.6956521739       2151.0       4.8344  
     2161.0       9.8454   59.1304347826       2166.0        4.766  
     2175.0       9.5999   59.5652173913       2180.0       4.6823  
     2189.0       9.3626         60.0       2194.0       4.8225  
     2205.0      10.4639   60.4347826087       2209.0       4.6328  
     2219.0       9.5975   60.8695652174       2223.0       4.3719  
     2231.0       7.5192   61.3043478261       2235.0        3.752  
     2244.0       9.4829   61.7391304348       2249.0       4.5005  
     2258.0       9.6254   62.1739130435       2263.0       4.4683  
     2272.0       8.7837   62.6086956522       2276.0       4.2653  
     2285.0       8.9805   63.0434782609       2289.0       4.2423  
     2298.0       9.0787   63.4782608696       2303.0       4.4196  
     2312.0       9.1606   63.9130434783       2316.0       4.5097  
     2326.0       9.4417   64.347826087       2330.0       4.6409  
     2340.0       9.3815   64.7826086957       2344.0       4.3851  
     2353.0       9.2344   65.2173913043       2358.0       4.3288  
     2366.0       8.1892   65.652173913       2370.0       3.7454  
     2377.0       7.4294   66.0869565217       2381.0       3.8998  
     2389.0       8.3346   66.5217391304       2393.0       3.8188  
     2401.0       7.4152   66.9565217391       2404.0       3.7144  
     2412.0       7.9722   67.3913043478       2416.0       3.8345  
     2425.0       8.7075   67.8260869565       2429.0       3.9502  
     2437.0       8.5536   68.2608695652       2441.0       3.9138  
     2453.0      11.7679   68.6956521739       2457.0       3.7863  
     2470.0      13.4513   69.1304347826       2474.0       3.8196  
     2482.0       7.4256   69.5652173913       2485.0       3.8148  
     2493.0       7.4132         70.0       2497.0       3.7778  
     2504.0       7.3227   70.4347826087       2508.0       3.8554  
     2516.0       8.3141   70.8695652174       2520.0       3.8457  
     2530.0      10.0936   71.3043478261       2534.0       4.0913  
     2544.0      10.3312   71.7391304348       2549.0       4.6012  
     2559.0       9.5834   72.1739130435       2563.0       4.5783  
     2573.0         9.79   72.6086956522       2578.0       4.6134  
     2587.0        9.511   73.0434782609       2592.0       4.6443  
     2602.0       9.9824   73.4782608696       2607.0       4.6741  
     2617.0       9.9998   73.9130434783       2621.0       4.5246  
     2631.0       9.5197   74.347826087       2635.0       4.5817  
     2646.0      10.5988   74.7826086957       2650.0       4.5259  
     2660.0       9.5488   75.2173913043       2664.0       4.4838  
     2674.0       9.4062   75.652173913       2678.0       4.4607  
     2688.0       9.4392   76.0869565217       2692.0       4.5619  
     2702.0       9.4345   76.5217391304       2706.0       4.4873  
     2716.0       9.7952   76.9565217391       2721.0       4.5391  
     2739.0      18.5122   77.3913043478       2743.0       4.3382  
     2754.0      10.1881   77.8260869565       2758.0       4.4037  
     2769.0      10.4799   78.2608695652       2773.0       4.6395  
     2783.0       9.7191   78.6956521739       2787.0       4.5694  
     2798.0      10.3936   79.1304347826       2802.0       4.3559  
     2813.0      10.3208   79.5652173913       2817.0       4.5368  
     2827.0       9.6451         80.0       2831.0         4.57  
     2902.0      70.1917   80.4347826087       2906.0       4.3706  
     3032.0     126.1868   80.8695652174       3036.0       4.2453  
     3270.0       233.24   81.3043478261       3322.0      52.7196  
     3447.0     124.7234   81.7391304348       3456.0       8.4257  
     3563.0      107.143   82.1739130435       3700.0     136.8076  
     3849.0     149.3692   82.6086956522       3883.0      33.7517  
     4037.0      153.626   83.0434782609       4104.0      67.8607  
     4241.0     136.7875   83.4782608696       4274.0      33.1892  
     4491.0     216.7235   83.9130434783       4523.0      31.9701  
     4801.0     277.1672   84.347826087       4924.0     123.3133  
     5249.0     324.5866   84.7826086957       5253.0       4.1672  
     5470.0     216.9006   85.2173913043       5560.0      89.9401  
     5761.0     200.3101   85.652173913       5777.0      16.9043  
     5928.0     150.3194   86.0869565217       5956.0      28.1351  
     6193.0     236.9131   86.5217391304       6217.0      23.9872  
     6429.0     211.8332   86.9565217391       6497.0      68.3171  
     6721.0     223.4723   87.3913043478       6725.0       4.2541  
     6970.0     244.9333   87.8260869565       6975.0        4.285  
     7174.0     199.6545   88.2608695652       7191.0       16.671  
     7531.0     339.8285   88.6956521739       7588.0      56.8595  
     7920.0     331.7448   89.1304347826       7998.0      78.3763  
     8335.0     335.8839   89.5652173913       8339.0       4.0755  
     8670.0     331.3825         90.0       8674.0       3.9941  
     8935.0     261.0955   90.4347826087       8984.0       48.764  
     9160.0     176.1374   90.8695652174       9222.0      61.8519  
     9474.0     251.8467   91.3043478261       9531.0      56.6172  
     9828.0     296.7897   91.7391304348       9914.0      85.8384  
    10178.0     264.5284   92.1739130435      10214.0      35.1954  
    10489.0     274.9016   92.6086956522      10540.0      51.3675  
    10720.0     179.1687   93.0434782609      10739.0      19.5295  
    10748.0       9.1592   93.4782608696      10752.0       3.8888  
    10841.0      88.5812   93.9130434783      10845.0       4.2276  
    10940.0      95.1759   94.347826087      11020.0      79.6398  
    11136.0     116.1865   94.7826086957      11140.0       4.1575  
    11271.0     130.6896   95.2173913043      11298.0      26.2895  
    11427.0     129.8467   95.652173913      11432.0       4.2505  
    11632.0     200.1685   96.0869565217      11675.0      42.4696  
    11807.0      131.998   96.5217391304      11814.0       6.8542  
    11997.0     183.6333   96.9565217391      12035.0      37.3262  
    12245.0      210.753   97.3913043478      12320.0      74.0923  
    12471.0     151.1807   97.8260869565      12475.0       4.0701  
    12635.0     160.0286   98.2608695652      12742.0     106.5662  
    12911.0     169.2434   98.6956521739      12915.0       4.4146  
    13172.0     256.8052   99.1304347826      13235.0      62.9977  
    13349.0     113.6203   99.5652173913      13392.0       42.644  
    13508.0     116.0205        100.0      13520.0      11.9321  
