Index;Spectrum No;Detector ID(s);R;Theta;Phi;Monitor
0;1;1;4.739;180;0;yes
1;2;2;1.442;180;0;yes
2;3;3;5.82;0;0;yes
4;5;4101;4.021999835968;3.430000066757;90;no
5;6;4102;4.021999835968;3.859999895096;90;no
6;7;4103;4.021999835968;4.289999961853;90;no
7;8;4104;4.021999835968;4.710000038147;90;no
8;9;4105;4.021999835968;5.139999866486;90;no
9;10;4106;4.021999835968;5.570000171661;90;no
10;11;4107;4.021999835968;6;90;no
11;12;4108;4.021999835968;6.429999828339;90;no
12;13;4109;4.021999835968;6.860000133514;90;no
13;14;4110;4.021999835968;7.289999961853;90;no
14;15;4111;4.021999835968;7.710000038147;90;no
15;16;4112;4.021999835968;8.140000343323;90;no
16;17;4113;4.021999835968;8.569999694824;90;no
17;18;4114;4.021999835968;9;90;no
18;19;4115;4.021999835968;9.430000305176;90;no
19;20;4116;4.021999835968;9.859999656677;90;no
20;21;4117;4.021999835968;10.28999996185;90;no
21;22;4118;4.021999835968;10.71000003815;90;no
22;23;4119;4.021999835968;11.14000034332;90;no
23;24;4120;4.021999835968;11.56999969482;90;no
24;25;4121;4.021999835968;12;90;no
25;26;4122;4.021999835968;12.43000030518;90;no
26;27;4123;4.021999835968;12.85999965668;90;no
27;28;4124;4.021999835968;13.28999996185;90;no
28;29;4201;4.021999835968;6.429999828339;135;no
29;30;4202;4.021999835968;6.860000133514;135;no
30;31;4203;4.021999835968;7.289999961853;135;no
31;32;4204;4.021999835968;7.710000038147;135;no
32;33;4205;4.021999835968;8.140000343323;135;no
33;34;4206;4.021999835968;8.569999694824;135;no
34;35;4207;4.021999835968;9;135;no
35;36;4208;4.021999835968;9.430000305176;135;no
36;37;4209;4.021999835968;9.859999656677;135;no
37;38;4210;4.021999835968;10.28999996185;135;no
38;39;4211;4.021999835968;10.71000003815;135;no
39;40;4212;4.021999835968;11.14000034332;135;no
40;41;4213;4.021999835968;11.56999969482;135;no
41;42;4214;4.021999835968;12;135;no
42;43;4215;4.021999835968;12.43000030518;135;no
43;44;4216;4.021999835968;12.85999965668;135;no
44;45;4301;4.021999835968;3.430000066757;180;no
45;46;4302;4.021999835968;3.859999895096;180;no
46;47;4303;4.021999835968;4.289999961853;180;no
47;48;4304;4.021999835968;4.710000038147;180;no
48;49;4305;4.021999835968;5.139999866486;180;no
49;50;4306;4.021999835968;5.570000171661;180;no
50;51;4307;4.021999835968;6;180;no
51;52;4308;4.021999835968;6.429999828339;180;no
52;53;4309;4.021999835968;6.860000133514;180;no
53;54;4310;4.021999835968;7.289999961853;180;no
54;55;4311;4.021999835968;7.710000038147;180;no
55;56;4312;4.021999835968;8.140000343323;180;no
56;57;4313;4.021999835968;8.569999694824;180;no
57;58;4314;4.021999835968;9;180;no
58;59;4315;4.021999835968;9.430000305176;180;no
59;60;4316;4.021999835968;9.859999656677;180;no
60;61;4401;4.021999835968;6.429999828339;-135;no
61;62;4402;4.021999835968;6.860000133514;-135;no
62;63;4403;4.021999835968;7.289999961853;-135;no
63;64;4404;4.021999835968;7.710000038147;-135;no
64;65;4405;4.021999835968;8.140000343323;-135;no
65;66;4406;4.021999835968;8.569999694824;-135;no
66;67;4407;4.021999835968;9;-135;no
67;68;4408;4.021999835968;9.430000305176;-135;no
68;69;4409;4.021999835968;9.859999656677;-135;no
69;70;4410;4.021999835968;10.28999996185;-135;no
70;71;4411;4.021999835968;10.71000003815;-135;no
71;72;4412;4.021999835968;11.14000034332;-135;no
72;73;4413;4.021999835968;11.56999969482;-135;no
73;74;4414;4.021999835968;12;-135;no
74;75;4415;4.021999835968;12.43000030518;-135;no
75;76;4416;4.021999835968;12.85999965668;-135;no
76;77;4501;4.021999835968;3.430000066757;-90;no
77;78;4502;4.021999835968;3.859999895096;-90;no
78;79;4503;4.021999835968;4.289999961853;-90;no
79;80;4504;4.021999835968;4.710000038147;-90;no
80;81;4505;4.021999835968;5.139999866486;-90;no
81;82;4506;4.021999835968;5.570000171661;-90;no
82;83;4507;4.021999835968;6;-90;no
83;84;4508;4.021999835968;6.429999828339;-90;no
84;85;4509;4.021999835968;6.860000133514;-90;no
85;86;4510;4.021999835968;7.289999961853;-90;no
86;87;4511;4.021999835968;7.710000038147;-90;no
87;88;4512;4.021999835968;8.140000343323;-90;no
88;89;4513;4.021999835968;8.569999694824;-90;no
89;90;4514;4.021999835968;9;-90;no
90;91;4515;4.021999835968;9.430000305176;-90;no
91;92;4516;4.021999835968;9.859999656677;-90;no
92;93;4601;4.021999835968;6.429999828339;-45;no
93;94;4602;4.021999835968;6.860000133514;-45;no
94;95;4603;4.021999835968;7.289999961853;-45;no
95;96;4604;4.021999835968;7.710000038147;-45;no
96;97;4605;4.021999835968;8.140000343323;-45;no
97;98;4606;4.021999835968;8.569999694824;-45;no
98;99;4607;4.021999835968;9;-45;no
99;100;4608;4.021999835968;9.430000305176;-45;no
100;101;4609;4.021999835968;9.859999656677;-45;no
101;102;4610;4.021999835968;10.28999996185;-45;no
102;103;4611;4.021999835968;10.71000003815;-45;no
103;104;4612;4.021999835968;11.14000034332;-45;no
104;105;4613;4.021999835968;11.56999969482;-45;no
105;106;4614;4.021999835968;12;-45;no
106;107;4615;4.021999835968;12.43000030518;-45;no
107;108;4616;4.021999835968;12.85999965668;-45;no
108;109;4701;4.021999835968;3.430000066757;0;no
109;110;4702;4.021999835968;3.859999895096;0;no
110;111;4703;4.021999835968;4.289999961853;0;no
111;112;4704;4.021999835968;4.710000038147;0;no
112;113;4705;4.021999835968;5.139999866486;0;no
113;114;4706;4.021999835968;5.570000171661;0;no
114;115;4707;4.021999835968;6;0;no
115;116;4708;4.021999835968;6.429999828339;0;no
116;117;4709;4.021999835968;6.860000133514;0;no
117;118;4710;4.021999835968;7.289999961853;0;no
118;119;4711;4.021999835968;7.710000038147;0;no
119;120;4712;4.021999835968;8.140000343323;0;no
120;121;4713;4.021999835968;8.569999694824;0;no
121;122;4714;4.021999835968;9;0;no
122;123;4715;4.021999835968;9.430000305176;0;no
123;124;4716;4.021999835968;9.859999656677;0;no
124;125;4801;4.021999835968;6.429999828339;45;no
125;126;4802;4.021999835968;6.860000133514;45;no
126;127;4803;4.021999835968;7.289999961853;45;no
127;128;4804;4.021999835968;7.710000038147;45;no
128;129;4805;4.021999835968;8.140000343323;45;no
129;130;4806;4.021999835968;8.569999694824;45;no
130;131;4807;4.021999835968;9;45;no
131;132;4808;4.021999835968;9.430000305176;45;no
132;133;4809;4.021999835968;9.859999656677;45;no
133;134;4810;4.021999835968;10.28999996185;45;no
134;135;4811;4.021999835968;10.71000003815;45;no
135;136;4812;4.021999835968;11.14000034332;45;no
136;137;4813;4.021999835968;11.56999969482;45;no
137;138;4814;4.021999835968;12;45;no
138;139;4815;4.021999835968;12.43000030518;45;no
139;140;4816;4.021999835968;12.85999965668;45;no
140;141;2101;4.021999835968;12.43000030518;-90;no
141;142;2102;4.021999835968;12.85999965668;-90;no
142;143;2103;4.021999835968;13.28999996185;-90;no
143;144;2104;4.021999835968;13.71000003815;-90;no
144;145;2105;4.021999835968;14.14000034332;-90;no
145;146;2106;4.021999835968;14.56999969482;-90;no
146;147;2107;4.021999835968;15;-90;no
147;148;2108;4.021999835968;15.43000030518;-90;no
148;149;2109;4.021999835968;15.85999965668;-90;no
149;150;2110;4.021999835968;16.29000091553;-90;no
150;151;2111;4.021999835968;16.70999908447;-90;no
151;152;2112;4.021999835968;17.13999938965;-90;no
152;153;2113;4.021999835968;17.56999969482;-90;no
153;154;2114;4.021999835968;18;-90;no
154;155;2115;4.021999835968;18.43000030518;-90;no
155;156;2116;4.021999835968;18.86000061035;-90;no
156;157;2117;4.021999835968;19.29000091553;-90;no
157;158;2118;4.021999835968;19.70999908447;-90;no
158;159;2119;4.021999835968;20.13999938965;-90;no
159;160;2120;4.021999835968;20.56999969482;-90;no
160;161;2121;4.021999835968;21;-90;no
161;162;2122;4.021999835968;21.43000030518;-90;no
162;163;2123;4.021999835968;21.86000061035;-90;no
163;164;2124;4.021999835968;22.29000091553;-90;no
164;165;2125;4.021999835968;22.70999908447;-90;no
165;166;2126;4.021999835968;23.13999938965;-90;no
166;167;2127;4.021999835968;23.56999969482;-90;no
167;168;2128;4.021999835968;24;-90;no
168;169;2129;4.021999835968;24.43000030518;-90;no
169;170;2130;4.021999835968;24.86000061035;-90;no
170;171;2131;4.021999835968;25.29000091553;-90;no
171;172;2132;4.021999835968;25.70999908447;-90;no
172;173;2133;4.021999835968;26.13999938965;-90;no
173;174;2134;4.021999835968;26.56999969482;-90;no
174;175;2135;4.021999835968;27;-90;no
175;176;2136;4.021999835968;27.43000030518;-90;no
176;177;2137;4.021999835968;27.86000061035;-90;no
177;178;2138;4.021999835968;28.29000091553;-90;no
178;179;2139;4.021999835968;28.70999908447;-90;no
179;180;2140;4.021999835968;29.13999938965;-90;no
180;181;2201;4.021999835968;30.86000061035;-90;no
181;182;2202;4.021999835968;31.29000091553;-90;no
182;183;2203;4.021999835968;31.70999908447;-90;no
183;184;2204;4.021999835968;32.13999938965;-90;no
184;185;2205;4.021999835968;32.56999969482;-90;no
185;186;2206;4.021999835968;33;-90;no
186;187;2207;4.021999835968;33.43000030518;-90;no
187;188;2208;4.021999835968;33.86000061035;-90;no
188;189;2209;4.021999835968;34.29000091553;-90;no
189;190;2210;4.021999835968;34.70999908447;-90;no
190;191;2211;4.021999835968;35.13999938965;-90;no
191;192;2212;4.021999835968;35.56999969482;-90;no
192;193;2213;4.021999835968;36;-90;no
193;194;2214;4.021999835968;36.43000030518;-90;no
194;195;2215;4.021999835968;36.86000061035;-90;no
195;196;2216;4.021999835968;37.29000091553;-90;no
196;197;2217;4.021999835968;37.70999908447;-90;no
197;198;2218;4.021999835968;38.13999938965;-90;no
198;199;2219;4.021999835968;38.56999969482;-90;no
199;200;2220;4.021999835968;39;-90;no
200;201;2221;4.021999835968;39.43000030518;-90;no
201;202;2222;4.021999835968;39.86000061035;-90;no
202;203;2223;4.021999835968;40.29000091553;-90;no
203;204;2224;4.021999835968;40.70999908447;-90;no
204;205;2225;4.021999835968;41.13999938965;-90;no
205;206;2226;4.021999835968;41.56999969482;-90;no
206;207;2227;4.021999835968;42;-90;no
207;208;2228;4.021999835968;42.43000030518;-90;no
208;209;2229;4.021999835968;42.86000061035;-90;no
209;210;2230;4.021999835968;43.29000091553;-90;no
210;211;2231;4.021999835968;43.70999908447;-90;no
211;212;2232;4.021999835968;44.13999938965;-90;no
212;213;2301;4.021999835968;45.86000061035;-90;no
213;214;2302;4.021999835968;46.29000091553;-90;no
214;215;2303;4.021999835968;46.70999908447;-90;no
215;216;2304;4.021999835968;47.13999938965;-90;no
216;217;2305;4.021999835968;47.56999969482;-90;no
217;218;2306;4.021999835968;48;-90;no
218;219;2307;4.021999835968;48.43000030518;-90;no
219;220;2308;4.021999835968;48.86000061035;-90;no
220;221;2309;4.021999835968;49.29000091553;-90;no
221;222;2310;4.021999835968;49.70999908447;-90;no
222;223;2311;4.021999835968;50.13999938965;-90;no
223;224;2312;4.021999835968;50.56999969482;-90;no
224;225;2313;4.021999835968;51;-90;no
225;226;2314;4.021999835968;51.43000030518;-90;no
226;227;2315;4.021999835968;51.86000061035;-90;no
227;228;2316;4.021999835968;52.29000091553;-90;no
228;229;2317;4.021999835968;52.70999908447;-90;no
229;230;2318;4.021999835968;53.13999938965;-90;no
230;231;2319;4.021999835968;53.56999969482;-90;no
231;232;2320;4.021999835968;54;-90;no
232;233;2321;4.021999835968;54.43000030518;-90;no
233;234;2322;4.021999835968;54.86000061035;-90;no
234;235;2323;4.021999835968;55.29000091553;-90;no
235;236;2324;4.021999835968;55.70999908447;-90;no
236;237;2325;4.021999835968;56.13999938965;-90;no
237;238;2326;4.021999835968;56.56999969482;-90;no
238;239;2327;4.021999835968;57;-90;no
239;240;2328;4.021999835968;57.43000030518;-90;no
240;241;2329;4.021999835968;57.86000061035;-90;no
241;242;2330;4.021999835968;58.29000091553;-90;no
242;243;2331;4.021999835968;58.70999908447;-90;no
243;244;2332;4.021999835968;59.13999938965;-90;no
244;245;2401;4.021999835968;60.86000061035;-90;no
245;246;2402;4.021999835968;61.29000091553;-90;no
246;247;2403;4.021999835968;61.70999908447;-90;no
247;248;2404;4.021999835968;62.13999938965;-90;no
248;249;2405;4.021999835968;62.56999969482;-90;no
249;250;2406;4.021999835968;63;-90;no
250;251;2407;4.021999835968;63.43000030518;-90;no
251;252;2408;4.021999835968;63.86000061035;-90;no
252;253;2409;4.021999835968;64.29000091553;-90;no
253;254;2410;4.021999835968;64.70999908447;-90;no
254;255;2411;4.021999835968;65.13999938965;-90;no
255;256;2412;4.021999835968;65.56999969482;-90;no
256;257;2413;4.021999835968;66;-90;no
257;258;2414;4.021999835968;66.43000030518;-90;no
258;259;2415;4.021999835968;66.86000061035;-90;no
259;260;2416;4.021999835968;67.29000091553;-90;no
260;261;2417;4.021999835968;67.70999908447;-90;no
261;262;2418;4.021999835968;68.13999938965;-90;no
262;263;2419;4.021999835968;68.56999969482;-90;no
263;264;2420;4.021999835968;69;-90;no
264;265;2421;4.021999835968;69.43000030518;-90;no
265;266;2422;4.021999835968;69.86000061035;-90;no
266;267;2423;4.021999835968;70.29000091553;-90;no
267;268;2424;4.021999835968;70.70999908447;-90;no
268;269;2425;4.021999835968;71.13999938965;-90;no
269;270;2426;4.021999835968;71.56999969482;-90;no
270;271;2427;4.021999835968;72;-90;no
271;272;2428;4.021999835968;72.43000030518;-90;no
272;273;2429;4.021999835968;72.86000061035;-90;no
273;274;2430;4.021999835968;73.29000091553;-90;no
274;275;2431;4.021999835968;73.70999908447;-90;no
275;276;2432;4.021999835968;74.13999938965;-90;no
276;277;2501;4.021999835968;75.86000061035;-90;no
277;278;2502;4.021999835968;76.29000091553;-90;no
278;279;2503;4.021999835968;76.70999908447;-90;no
279;280;2504;4.021999835968;77.13999938965;-90;no
280;281;2505;4.021999835968;77.56999969482;-90;no
281;282;2506;4.021999835968;78;-90;no
282;283;2507;4.021999835968;78.43000030518;-90;no
283;284;2508;4.021999835968;78.86000061035;-90;no
284;285;2509;4.021999835968;79.29000091553;-90;no
285;286;2510;4.021999835968;79.70999908447;-90;no
286;287;2511;4.021999835968;80.13999938965;-90;no
287;288;2512;4.021999835968;80.56999969482;-90;no
288;289;2513;4.021999835968;81;-90;no
289;290;2514;4.021999835968;81.43000030518;-90;no
290;291;2515;4.021999835968;81.86000061035;-90;no
291;292;2516;4.021999835968;82.29000091553;-90;no
292;293;2517;4.021999835968;82.70999908447;-90;no
293;294;2518;4.021999835968;83.13999938965;-90;no
294;295;2519;4.021999835968;83.56999969482;-90;no
295;296;2520;4.021999835968;84;-90;no
296;297;2521;4.021999835968;84.43000030518;-90;no
297;298;2522;4.021999835968;84.86000061035;-90;no
298;299;2523;4.021999835968;85.29000091553;-90;no
299;300;2524;4.021999835968;85.70999908447;-90;no
300;301;2525;4.021999835968;86.13999938965;-90;no
301;302;2526;4.021999835968;86.56999969482;-90;no
302;303;2527;4.021999835968;87;-90;no
303;304;2528;4.021999835968;87.43000030518;-90;no
304;305;2529;4.021999835968;87.86000061035;-90;no
305;306;2530;4.021999835968;88.29000091553;-90;no
306;307;2531;4.021999835968;88.70999908447;-90;no
307;308;2532;4.021999835968;89.13999938965;-90;no
308;309;2601;4.021999835968;90.86000061035;-90;no
309;310;2602;4.021999835968;91.29000091553;-90;no
310;311;2603;4.021999835968;91.70999908447;-90;no
311;312;2604;4.021999835968;92.13999938965;-90;no
312;313;2605;4.021999835968;92.56999969482;-90;no
313;314;2606;4.021999835968;93;-90;no
314;315;2607;4.021999835968;93.43000030518;-90;no
315;316;2608;4.021999835968;93.86000061035;-90;no
316;317;2609;4.021999835968;94.29000091553;-90;no
317;318;2610;4.021999835968;94.70999908447;-90;no
318;319;2611;4.021999835968;95.13999938965;-90;no
319;320;2612;4.021999835968;95.56999969482;-90;no
320;321;2613;4.021999835968;96;-90;no
321;322;2614;4.021999835968;96.43000030518;-90;no
322;323;2615;4.021999835968;96.86000061035;-90;no
323;324;2616;4.021999835968;97.29000091553;-90;no
324;325;2617;4.021999835968;97.70999908447;-90;no
325;326;2618;4.021999835968;98.13999938965;-90;no
326;327;2619;4.021999835968;98.56999969482;-90;no
327;328;2620;4.021999835968;99;-90;no
328;329;2621;4.021999835968;99.43000030518;-90;no
329;330;2622;4.021999835968;99.86000061035;-90;no
330;331;2623;4.021999835968;100.2900009155;-90;no
331;332;2624;4.021999835968;100.7099990845;-90;no
332;333;2625;4.021999835968;101.1399993896;-90;no
333;334;2626;4.021999835968;101.5699996948;-90;no
334;335;2627;4.021999835968;102;-90;no
335;336;2628;4.021999835968;102.4300003052;-90;no
336;337;2629;4.021999835968;102.8600006104;-90;no
337;338;2630;4.021999835968;103.2900009155;-90;no
338;339;2631;4.021999835968;103.7099990845;-90;no
339;340;2632;4.021999835968;104.1399993896;-90;no
340;341;2701;4.021999835968;105.8600006104;-90;no
341;342;2702;4.021999835968;106.2900009155;-90;no
342;343;2703;4.021999835968;106.7099990845;-90;no
343;344;2704;4.021999835968;107.1399993896;-90;no
344;345;2705;4.021999835968;107.5699996948;-90;no
345;346;2706;4.021999835968;108;-90;no
346;347;2707;4.021999835968;108.4300003052;-90;no
347;348;2708;4.021999835968;108.8600006104;-90;no
348;349;2709;4.021999835968;109.2900009155;-90;no
349;350;2710;4.021999835968;109.7099990845;-90;no
350;351;2711;4.021999835968;110.1399993896;-90;no
351;352;2712;4.021999835968;110.5699996948;-90;no
352;353;2713;4.021999835968;111;-90;no
353;354;2714;4.021999835968;111.4300003052;-90;no
354;355;2715;4.021999835968;111.8600006104;-90;no
355;356;2716;4.021999835968;112.2900009155;-90;no
356;357;2717;4.021999835968;112.7099990845;-90;no
357;358;2718;4.021999835968;113.1399993896;-90;no
358;359;2719;4.021999835968;113.5699996948;-90;no
359;360;2720;4.021999835968;114;-90;no
360;361;2721;4.021999835968;114.4300003052;-90;no
361;362;2722;4.021999835968;114.8600006104;-90;no
362;363;2723;4.021999835968;115.2900009155;-90;no
363;364;2724;4.021999835968;115.7099990845;-90;no
364;365;2725;4.021999835968;116.1399993896;-90;no
365;366;2726;4.021999835968;116.5699996948;-90;no
366;367;2727;4.021999835968;117;-90;no
367;368;2728;4.021999835968;117.4300003052;-90;no
368;369;2729;4.021999835968;117.8600006104;-90;no
369;370;2730;4.021999835968;118.2900009155;-90;no
370;371;2731;4.021999835968;118.7099990845;-90;no
371;372;2732;4.021999835968;119.1399993896;-90;no
372;373;2801;4.021999835968;120.8600006104;-90;no
373;374;2802;4.021999835968;121.2900009155;-90;no
374;375;2803;4.021999835968;121.7099990845;-90;no
375;376;2804;4.021999835968;122.1399993896;-90;no
376;377;2805;4.021999835968;122.5699996948;-90;no
377;378;2806;4.021999835968;123;-90;no
378;379;2807;4.021999835968;123.4300003052;-90;no
379;380;2808;4.021999835968;123.8600006104;-90;no
380;381;2809;4.021999835968;124.2900009155;-90;no
381;382;2810;4.021999835968;124.7099990845;-90;no
382;383;2811;4.021999835968;125.1399993896;-90;no
383;384;2812;4.021999835968;125.5699996948;-90;no
384;385;2813;4.021999835968;126;-90;no
385;386;2814;4.021999835968;126.4300003052;-90;no
386;387;2815;4.021999835968;126.8600006104;-90;no
387;388;2816;4.021999835968;127.2900009155;-90;no
388;389;2817;4.021999835968;127.7099990845;-90;no
389;390;2818;4.021999835968;128.1399993896;-90;no
390;391;2819;4.021999835968;128.5700073242;-90;no
391;392;2820;4.021999835968;129;-90;no
392;393;2821;4.021999835968;129.4299926758;-90;no
393;394;2822;4.021999835968;129.8600006104;-90;no
394;395;2823;4.021999835968;130.2899932861;-90;no
395;396;2824;4.021999835968;130.7100067139;-90;no
396;397;2825;4.021999835968;131.1399993896;-90;no
397;398;2826;4.021999835968;131.5700073242;-90;no
398;399;2827;4.021999835968;132;-90;no
399;400;2828;4.021999835968;132.4299926758;-90;no
400;401;2829;4.021999835968;132.8600006104;-90;no
401;402;2830;4.021999835968;133.2899932861;-90;no
402;403;2831;4.021999835968;133.7100067139;-90;no
403;404;2832;4.021999835968;134.1399993896;-90;no
404;405;1101;4.021999835968;13.71000003815;-68.64;no
405;406;1102;4.021999835968;14.14000034332;-69.3;no
406;407;1103;4.021999835968;14.56999969482;-69.92;no
407;408;1104;4.021999835968;15;-70.51;no
408;409;1105;4.021999835968;15.43000030518;-71.06;no
409;410;1106;4.021999835968;15.85999965668;-71.57;no
410;411;1107;4.021999835968;16.29000091553;-72.06;no
411;412;1108;4.021999835968;16.70999908447;-72.52;no
412;413;1109;4.021999835968;17.13999938965;-72.96;no
413;414;1110;4.021999835968;17.56999969482;-73.38;no
414;415;1111;4.021999835968;18;-73.77;no
415;416;1112;4.021999835968;18.43000030518;-74.14;no
416;417;1113;4.021999835968;18.86000061035;-74.5;no
417;418;1114;4.021999835968;19.29000091553;-74.84;no
418;419;1115;4.021999835968;19.70999908447;-75.17;no
419;420;1116;4.021999835968;20.13999938965;-75.47;no
420;421;1117;4.021999835968;20.56999969482;-75.77;no
421;422;1118;4.021999835968;21;-76.05;no
422;423;1119;4.021999835968;21.43000030518;-76.33;no
423;424;1120;4.021999835968;21.86000061035;-76.59;no
424;425;1121;4.021999835968;22.29000091553;-76.84;no
425;426;1122;4.021999835968;22.70999908447;-77.08;no
426;427;1123;4.021999835968;23.13999938965;-77.31;no
427;428;1124;4.021999835968;23.56999969482;-77.53;no
428;429;1125;4.021999835968;24;-77.74;no
429;430;1126;4.021999835968;24.43000030518;-77.95;no
430;431;1127;4.021999835968;24.86000061035;-78.14;no
431;432;1128;4.021999835968;25.29000091553;-78.33;no
432;433;1129;4.021999835968;25.70999908447;-78.52;no
433;434;1130;4.021999835968;26.13999938965;-78.7;no
434;435;1131;4.021999835968;26.56999969482;-78.87;no
435;436;1132;4.021999835968;27;-79.03;no
436;437;1133;4.021999835968;27.43000030518;-79.19;no
437;438;1134;4.021999835968;27.86000061035;-79.35;no
438;439;1135;4.021999835968;28.29000091553;-79.5;no
439;440;1136;4.021999835968;28.70999908447;-79.64;no
440;441;1137;4.021999835968;29.13999938965;-79.78;no
441;442;1201;4.021999835968;31.70999908447;-80.54;no
442;443;1202;4.021999835968;32.13999938965;-80.66;no
443;444;1203;4.021999835968;32.56999969482;-80.77;no
444;445;1204;4.021999835968;33;-80.88;no
445;446;1205;4.021999835968;33.43000030518;-80.98;no
446;447;1206;4.021999835968;33.86000061035;-81.08;no
447;448;1207;4.021999835968;34.29000091553;-81.18;no
448;449;1208;4.021999835968;34.70999908447;-81.28;no
449;450;1209;4.021999835968;35.13999938965;-81.37;no
450;451;1210;4.021999835968;35.56999969482;-81.46;no
451;452;1211;4.021999835968;36;-81.55;no
452;453;1212;4.021999835968;36.43000030518;-81.64;no
453;454;1213;4.021999835968;36.86000061035;-81.72;no
454;455;1214;4.021999835968;37.29000091553;-81.8;no
455;456;1215;4.021999835968;37.70999908447;-81.88;no
456;457;1216;4.021999835968;38.13999938965;-81.96;no
457;458;1217;4.021999835968;38.56999969482;-82.04;no
458;459;1218;4.021999835968;39;-82.11;no
459;460;1219;4.021999835968;39.43000030518;-82.18;no
460;461;1220;4.021999835968;39.86000061035;-82.26;no
461;462;1221;4.021999835968;40.29000091553;-82.32;no
462;463;1222;4.021999835968;40.70999908447;-82.39;no
463;464;1223;4.021999835968;41.13999938965;-82.46;no
464;465;1224;4.021999835968;41.56999969482;-82.52;no
465;466;1225;4.021999835968;42;-82.58;no
466;467;1226;4.021999835968;42.43000030518;-82.65;no
467;468;1227;4.021999835968;42.86000061035;-82.71;no
468;469;1228;4.021999835968;43.29000091553;-82.76;no
469;470;1229;4.021999835968;43.70999908447;-82.82;no
470;471;1230;4.021999835968;44.13999938965;-82.88;no
471;472;1301;4.021999835968;45.86000061035;-83.09;no
472;473;1302;4.021999835968;46.29000091553;-83.14;no
473;474;1303;4.021999835968;46.70999908447;-83.19;no
474;475;1304;4.021999835968;47.13999938965;-83.23;no
475;476;1305;4.021999835968;47.56999969482;-83.28;no
476;477;1306;4.021999835968;48;-83.33;no
477;478;1307;4.021999835968;48.43000030518;-83.37;no
478;479;1308;4.021999835968;48.86000061035;-83.41;no
479;480;1309;4.021999835968;49.29000091553;-83.46;no
480;481;1310;4.021999835968;49.70999908447;-83.5;no
481;482;1311;4.021999835968;50.13999938965;-83.54;no
482;483;1312;4.021999835968;50.56999969482;-83.58;no
483;484;1313;4.021999835968;51;-83.62;no
484;485;1314;4.021999835968;51.43000030518;-83.66;no
485;486;1315;4.021999835968;51.86000061035;-83.7;no
486;487;1316;4.021999835968;52.29000091553;-83.73;no
487;488;1317;4.021999835968;52.70999908447;-83.77;no
488;489;1318;4.021999835968;53.13999938965;-83.8;no
489;490;1319;4.021999835968;53.56999969482;-83.84;no
490;491;1320;4.021999835968;54;-83.87;no
491;492;1321;4.021999835968;54.43000030518;-83.9;no
492;493;1322;4.021999835968;54.86000061035;-83.94;no
493;494;1323;4.021999835968;55.29000091553;-83.97;no
494;495;1324;4.021999835968;55.70999908447;-84;no
495;496;1325;4.021999835968;56.13999938965;-84.03;no
496;497;1326;4.021999835968;56.56999969482;-84.06;no
497;498;1327;4.021999835968;57;-84.09;no
498;499;1328;4.021999835968;57.43000030518;-84.12;no
499;500;1329;4.021999835968;57.86000061035;-84.15;no
500;501;1330;4.021999835968;58.29000091553;-84.17;no
501;502;1331;4.021999835968;58.70999908447;-84.2;no
502;503;1332;4.021999835968;59.13999938965;-84.23;no
503;504;1401;4.021999835968;60.86000061035;-84.33;no
504;505;1402;4.021999835968;61.29000091553;-84.35;no
505;506;1403;4.021999835968;61.70999908447;-84.37;no
506;507;1404;4.021999835968;62.13999938965;-84.39;no
507;508;1405;4.021999835968;62.56999969482;-84.42;no
508;509;1406;4.021999835968;63;-84.44;no
509;510;1407;4.021999835968;63.43000030518;-84.46;no
510;511;1408;4.021999835968;63.86000061035;-84.48;no
511;512;1409;4.021999835968;64.29000091553;-84.5;no
512;513;1410;4.021999835968;64.70999908447;-84.52;no
513;514;1411;4.021999835968;65.13999938965;-84.54;no
514;515;1412;4.021999835968;65.56999969482;-84.56;no
515;516;1413;4.021999835968;66;-84.58;no
516;517;1414;4.021999835968;66.43000030518;-84.59;no
517;518;1415;4.021999835968;66.86000061035;-84.61;no
518;519;1416;4.021999835968;67.29000091553;-84.63;no
519;520;1417;4.021999835968;67.70999908447;-84.64;no
520;521;1418;4.021999835968;68.13999938965;-84.66;no
521;522;1419;4.021999835968;68.56999969482;-84.68;no
522;523;1420;4.021999835968;69;-84.69;no
523;524;1421;4.021999835968;69.43000030518;-84.71;no
524;525;1422;4.021999835968;69.86000061035;-84.72;no
525;526;1423;4.021999835968;70.29000091553;-84.74;no
526;527;1424;4.021999835968;70.70999908447;-84.75;no
527;528;1425;4.021999835968;71.13999938965;-84.76;no
528;529;1426;4.021999835968;71.56999969482;-84.78;no
529;530;1427;4.021999835968;72;-84.79;no
530;531;1428;4.021999835968;72.43000030518;-84.8;no
531;532;1429;4.021999835968;72.86000061035;-84.81;no
532;533;1430;4.021999835968;73.29000091553;-84.83;no
533;534;1431;4.021999835968;73.70999908447;-84.84;no
534;535;1432;4.021999835968;74.13999938965;-84.85;no
535;536;1501;4.021999835968;75.86000061035;-84.89;no
536;537;1502;4.021999835968;76.29000091553;-84.9;no
537;538;1503;4.021999835968;76.70999908447;-84.91;no
538;539;1504;4.021999835968;77.13999938965;-84.92;no
539;540;1505;4.021999835968;77.56999969482;-84.93;no
540;541;1506;4.021999835968;78;-84.93;no
541;542;1507;4.021999835968;78.43000030518;-84.94;no
542;543;1508;4.021999835968;78.86000061035;-84.95;no
543;544;1509;4.021999835968;79.29000091553;-84.96;no
544;545;1510;4.021999835968;79.70999908447;-84.96;no
545;546;1511;4.021999835968;80.13999938965;-84.97;no
546;547;1512;4.021999835968;80.56999969482;-84.98;no
547;548;1513;4.021999835968;81;-84.98;no
548;549;1514;4.021999835968;81.43000030518;-84.99;no
549;550;1515;4.021999835968;81.86000061035;-84.99;no
550;551;1516;4.021999835968;82.29000091553;-85;no
551;552;1517;4.021999835968;82.70999908447;-85;no
552;553;1518;4.021999835968;83.13999938965;-85.01;no
553;554;1519;4.021999835968;83.56999969482;-85.01;no
554;555;1520;4.021999835968;84;-85.02;no
555;556;1521;4.021999835968;84.43000030518;-85.02;no
556;557;1522;4.021999835968;84.86000061035;-85.03;no
557;558;1523;4.021999835968;85.29000091553;-85.03;no
558;559;1524;4.021999835968;85.70999908447;-85.03;no
559;560;1525;4.021999835968;86.13999938965;-85.03;no
560;561;1526;4.021999835968;86.56999969482;-85.04;no
561;562;1527;4.021999835968;87;-85.04;no
562;563;1528;4.021999835968;87.43000030518;-85.04;no
563;564;1529;4.021999835968;87.86000061035;-85.04;no
564;565;1530;4.021999835968;88.29000091553;-85.04;no
565;566;1531;4.021999835968;88.70999908447;-85.04;no
566;567;1532;4.021999835968;89.13999938965;-85.04;no
567;568;1601;4.021999835968;90.86000061035;-85.04;no
568;569;1602;4.021999835968;91.29000091553;-85.04;no
569;570;1603;4.021999835968;91.70999908447;-85.04;no
570;571;1604;4.021999835968;92.13999938965;-85.04;no
571;572;1605;4.021999835968;92.56999969482;-85.04;no
572;573;1606;4.021999835968;93;-85.04;no
573;574;1607;4.021999835968;93.43000030518;-85.04;no
574;575;1608;4.021999835968;93.86000061035;-85.03;no
575;576;1609;4.021999835968;94.29000091553;-85.03;no
576;577;1610;4.021999835968;94.70999908447;-85.03;no
577;578;1611;4.021999835968;95.13999938965;-85.03;no
578;579;1612;4.021999835968;95.56999969482;-85.02;no
579;580;1613;4.021999835968;96;-85.02;no
580;581;1614;4.021999835968;96.43000030518;-85.01;no
581;582;1615;4.021999835968;96.86000061035;-85.01;no
582;583;1616;4.021999835968;97.29000091553;-85;no
583;584;1617;4.021999835968;97.70999908447;-85;no
584;585;1618;4.021999835968;98.13999938965;-84.99;no
585;586;1619;4.021999835968;98.56999969482;-84.99;no
586;587;1620;4.021999835968;99;-84.98;no
587;588;1621;4.021999835968;99.43000030518;-84.98;no
588;589;1622;4.021999835968;99.86000061035;-84.97;no
589;590;1623;4.021999835968;100.2900009155;-84.96;no
590;591;1624;4.021999835968;100.7099990845;-84.96;no
591;592;1625;4.021999835968;101.1399993896;-84.95;no
592;593;1626;4.021999835968;101.5699996948;-84.94;no
593;594;1627;4.021999835968;102;-84.93;no
594;595;1628;4.021999835968;102.4300003052;-84.93;no
595;596;1629;4.021999835968;102.8600006104;-84.92;no
596;597;1630;4.021999835968;103.2900009155;-84.91;no
597;598;1631;4.021999835968;103.7099990845;-84.9;no
598;599;1632;4.021999835968;104.1399993896;-84.89;no
599;600;1701;4.021999835968;105.8600006104;-84.85;no
600;601;1702;4.021999835968;106.2900009155;-84.84;no
601;602;1703;4.021999835968;106.7099990845;-84.83;no
602;603;1704;4.021999835968;107.1399993896;-84.81;no
603;604;1705;4.021999835968;107.5699996948;-84.8;no
604;605;1706;4.021999835968;108;-84.79;no
605;606;1707;4.021999835968;108.4300003052;-84.78;no
606;607;1708;4.021999835968;108.8600006104;-84.76;no
607;608;1709;4.021999835968;109.2900009155;-84.75;no
608;609;1710;4.021999835968;109.7099990845;-84.74;no
609;610;1711;4.021999835968;110.1399993896;-84.72;no
610;611;1712;4.021999835968;110.5699996948;-84.71;no
611;612;1713;4.021999835968;111;-84.69;no
612;613;1714;4.021999835968;111.4300003052;-84.68;no
613;614;1715;4.021999835968;111.8600006104;-84.66;no
614;615;1716;4.021999835968;112.2900009155;-84.64;no
615;616;1717;4.021999835968;112.7099990845;-84.63;no
616;617;1718;4.021999835968;113.1399993896;-84.61;no
617;618;1719;4.021999835968;113.5699996948;-84.59;no
618;619;1720;4.021999835968;114;-84.58;no
619;620;1721;4.021999835968;114.4300003052;-84.56;no
620;621;1722;4.021999835968;114.8600006104;-84.54;no
621;622;1723;4.021999835968;115.2900009155;-84.52;no
622;623;1724;4.021999835968;115.7099990845;-84.5;no
623;624;1725;4.021999835968;116.1399993896;-84.48;no
624;625;1726;4.021999835968;116.5699996948;-84.46;no
625;626;1727;4.021999835968;117;-84.44;no
626;627;1728;4.021999835968;117.4300003052;-84.42;no
627;628;1729;4.021999835968;117.8600006104;-84.39;no
628;629;1730;4.021999835968;118.2900009155;-84.37;no
629;630;1731;4.021999835968;118.7099990845;-84.35;no
630;631;1732;4.021999835968;119.1399993896;-84.33;no
631;632;1801;4.021999835968;120.8600006104;-84.23;no
632;633;1802;4.021999835968;121.2900009155;-84.2;no
633;634;1803;4.021999835968;121.7099990845;-84.17;no
634;635;1804;4.021999835968;122.1399993896;-84.15;no
635;636;1805;4.021999835968;122.5699996948;-84.12;no
636;637;1806;4.021999835968;123;-84.09;no
637;638;1807;4.021999835968;123.4300003052;-84.06;no
638;639;1808;4.021999835968;123.8600006104;-84.03;no
639;640;1809;4.021999835968;124.2900009155;-84;no
640;641;1810;4.021999835968;124.7099990845;-83.97;no
641;642;1811;4.021999835968;125.1399993896;-83.94;no
642;643;1812;4.021999835968;125.5699996948;-83.9;no
643;644;1813;4.021999835968;126;-83.87;no
644;645;1814;4.021999835968;126.4300003052;-83.84;no
645;646;1815;4.021999835968;126.8600006104;-83.8;no
646;647;1816;4.021999835968;127.2900009155;-83.77;no
647;648;1817;4.021999835968;127.7099990845;-83.73;no
648;649;1818;4.021999835968;128.1399993896;-83.7;no
649;650;1819;4.021999835968;128.5700073242;-83.66;no
650;651;1820;4.021999835968;129;-83.62;no
651;652;1821;4.021999835968;129.4299926758;-83.58;no
652;653;1822;4.021999835968;129.8600006104;-83.54;no
653;654;1823;4.021999835968;130.2899932861;-83.5;no
654;655;1824;4.021999835968;130.7100067139;-83.46;no
655;656;1825;4.021999835968;131.1399993896;-83.41;no
656;657;1826;4.021999835968;131.5700073242;-83.37;no
657;658;1827;4.021999835968;132;-83.33;no
658;659;1828;4.021999835968;132.4299926758;-83.28;no
659;660;1829;4.021999835968;132.8600006104;-83.23;no
660;661;1830;4.021999835968;133.2899932861;-83.19;no
661;662;1831;4.021999835968;133.7100067139;-83.14;no
662;663;1832;4.021999835968;134.1399993896;-83.09;no
663;664;3101;4.021999835968;13.71000003815;-113.66;no
664;665;3102;4.021999835968;14.14000034332;-112.84;no
665;666;3103;4.021999835968;14.56999969482;-112.08;no
666;667;3104;4.021999835968;15;-111.36;no
667;668;3105;4.021999835968;15.43000030518;-110.7;no
668;669;3106;4.021999835968;15.85999965668;-110.08;no
669;670;3107;4.021999835968;16.29000091553;-109.49;no
670;671;3108;4.021999835968;16.70999908447;-108.94;no
671;672;3109;4.021999835968;17.13999938965;-108.43;no
672;673;3110;4.021999835968;17.56999969482;-107.94;no
673;674;3111;4.021999835968;18;-107.48;no
674;675;3112;4.021999835968;18.43000030518;-107.04;no
675;676;3113;4.021999835968;18.86000061035;-106.62;no
676;677;3114;4.021999835968;19.29000091553;-106.23;no
677;678;3115;4.021999835968;19.70999908447;-105.86;no
678;679;3116;4.021999835968;20.13999938965;-105.5;no
679;680;3117;4.021999835968;20.56999969482;-105.16;no
680;681;3118;4.021999835968;21;-104.83;no
681;682;3119;4.021999835968;21.43000030518;-104.53;no
682;683;3120;4.021999835968;21.86000061035;-104.23;no
683;684;3121;4.021999835968;22.29000091553;-103.95;no
684;685;3122;4.021999835968;22.70999908447;-103.67;no
685;686;3123;4.021999835968;23.13999938965;-103.41;no
686;687;3124;4.021999835968;23.56999969482;-103.16;no
687;688;3125;4.021999835968;24;-102.92;no
688;689;3126;4.021999835968;24.43000030518;-102.69;no
689;690;3127;4.021999835968;24.86000061035;-102.47;no
690;691;3128;4.021999835968;25.29000091553;-102.26;no
691;692;3129;4.021999835968;25.70999908447;-102.05;no
692;693;3130;4.021999835968;26.13999938965;-101.86;no
693;694;3131;4.021999835968;26.56999969482;-101.67;no
694;695;3132;4.021999835968;27;-101.48;no
695;696;3133;4.021999835968;27.43000030518;-101.3;no
696;697;3134;4.021999835968;27.86000061035;-101.13;no
697;698;3135;4.021999835968;28.29000091553;-100.97;no
698;699;3136;4.021999835968;28.70999908447;-100.81;no
699;700;3137;4.021999835968;29.13999938965;-100.65;no
700;701;3201;4.021999835968;31.70999908447;-99.69;no
701;702;3202;4.021999835968;32.13999938965;-99.57;no
702;703;3203;4.021999835968;32.56999969482;-99.46;no
703;704;3204;4.021999835968;33;-99.34;no
704;705;3205;4.021999835968;33.43000030518;-99.23;no
705;706;3206;4.021999835968;33.86000061035;-99.12;no
706;707;3207;4.021999835968;34.29000091553;-99.02;no
707;708;3208;4.021999835968;34.70999908447;-98.92;no
708;709;3209;4.021999835968;35.13999938965;-98.82;no
709;710;3210;4.021999835968;35.56999969482;-98.72;no
710;711;3211;4.021999835968;36;-98.63;no
711;712;3212;4.021999835968;36.43000030518;-98.54;no
712;713;3213;4.021999835968;36.86000061035;-98.45;no
713;714;3214;4.021999835968;37.29000091553;-98.36;no
714;715;3215;4.021999835968;37.70999908447;-98.28;no
715;716;3216;4.021999835968;38.13999938965;-98.2;no
716;717;3217;4.021999835968;38.56999969482;-98.12;no
717;718;3218;4.021999835968;39;-98.04;no
718;719;3219;4.021999835968;39.43000030518;-97.96;no
719;720;3220;4.021999835968;39.86000061035;-97.89;no
720;721;3221;4.021999835968;40.29000091553;-97.82;no
721;722;3222;4.021999835968;40.70999908447;-97.74;no
722;723;3223;4.021999835968;41.13999938965;-97.68;no
723;724;3224;4.021999835968;41.56999969482;-97.61;no
724;725;3225;4.021999835968;42;-97.54;no
725;726;3226;4.021999835968;42.43000030518;-97.48;no
726;727;3227;4.021999835968;42.86000061035;-97.42;no
727;728;3228;4.021999835968;43.29000091553;-97.35;no
728;729;3229;4.021999835968;43.70999908447;-97.29;no
729;730;3230;4.021999835968;44.13999938965;-97.24;no
730;731;3301;4.021999835968;45.86000061035;-96.91;no
731;732;3302;4.021999835968;46.29000091553;-96.86;no
732;733;3303;4.021999835968;46.70999908447;-96.81;no
733;734;3304;4.021999835968;47.13999938965;-96.77;no
734;735;3305;4.021999835968;47.56999969482;-96.72;no
735;736;3306;4.021999835968;48;-96.67;no
736;737;3307;4.021999835968;48.43000030518;-96.63;no
737;738;3308;4.021999835968;48.86000061035;-96.59;no
738;739;3309;4.021999835968;49.29000091553;-96.54;no
739;740;3310;4.021999835968;49.70999908447;-96.5;no
740;741;3311;4.021999835968;50.13999938965;-96.46;no
741;742;3312;4.021999835968;50.56999969482;-96.42;no
742;743;3313;4.021999835968;51;-96.38;no
743;744;3314;4.021999835968;51.43000030518;-96.34;no
744;745;3315;4.021999835968;51.86000061035;-96.3;no
745;746;3316;4.021999835968;52.29000091553;-96.27;no
746;747;3317;4.021999835968;52.70999908447;-96.23;no
747;748;3318;4.021999835968;53.13999938965;-96.2;no
748;749;3319;4.021999835968;53.56999969482;-96.16;no
749;750;3320;4.021999835968;54;-96.13;no
750;751;3321;4.021999835968;54.43000030518;-96.1;no
751;752;3322;4.021999835968;54.86000061035;-96.06;no
752;753;3323;4.021999835968;55.29000091553;-96.03;no
753;754;3324;4.021999835968;55.70999908447;-96;no
754;755;3325;4.021999835968;56.13999938965;-95.97;no
755;756;3326;4.021999835968;56.56999969482;-95.94;no
756;757;3327;4.021999835968;57;-95.91;no
757;758;3328;4.021999835968;57.43000030518;-95.88;no
758;759;3329;4.021999835968;57.86000061035;-95.85;no
759;760;3330;4.021999835968;58.29000091553;-95.83;no
760;761;3331;4.021999835968;58.70999908447;-95.8;no
761;762;3332;4.021999835968;59.13999938965;-95.77;no
762;763;3401;4.021999835968;60.86000061035;-95.67;no
763;764;3402;4.021999835968;61.29000091553;-95.65;no
764;765;3403;4.021999835968;61.70999908447;-95.63;no
765;766;3404;4.021999835968;62.13999938965;-95.61;no
766;767;3405;4.021999835968;62.56999969482;-95.58;no
767;768;3406;4.021999835968;63;-95.56;no
768;769;3407;4.021999835968;63.43000030518;-95.54;no
769;770;3408;4.021999835968;63.86000061035;-95.52;no
770;771;3409;4.021999835968;64.29000091553;-95.5;no
771;772;3410;4.021999835968;64.70999908447;-95.48;no
772;773;3411;4.021999835968;65.13999938965;-95.46;no
773;774;3412;4.021999835968;65.56999969482;-95.44;no
774;775;3413;4.021999835968;66;-95.42;no
775;776;3414;4.021999835968;66.43000030518;-95.41;no
776;777;3415;4.021999835968;66.86000061035;-95.39;no
777;778;3416;4.021999835968;67.29000091553;-95.37;no
778;779;3417;4.021999835968;67.70999908447;-95.36;no
779;780;3418;4.021999835968;68.13999938965;-95.34;no
780;781;3419;4.021999835968;68.56999969482;-95.32;no
781;782;3420;4.021999835968;69;-95.31;no
782;783;3421;4.021999835968;69.43000030518;-95.29;no
783;784;3422;4.021999835968;69.86000061035;-95.28;no
784;785;3423;4.021999835968;70.29000091553;-95.26;no
785;786;3424;4.021999835968;70.70999908447;-95.25;no
786;787;3425;4.021999835968;71.13999938965;-95.24;no
787;788;3426;4.021999835968;71.56999969482;-95.22;no
788;789;3427;4.021999835968;72;-95.21;no
789;790;3428;4.021999835968;72.43000030518;-95.2;no
790;791;3429;4.021999835968;72.86000061035;-95.19;no
791;792;3430;4.021999835968;73.29000091553;-95.17;no
792;793;3431;4.021999835968;73.70999908447;-95.16;no
793;794;3432;4.021999835968;74.13999938965;-95.15;no
794;795;3501;4.021999835968;75.86000061035;-95.11;no
795;796;3502;4.021999835968;76.29000091553;-95.1;no
796;797;3503;4.021999835968;76.70999908447;-95.09;no
797;798;3504;4.021999835968;77.13999938965;-95.08;no
798;799;3505;4.021999835968;77.56999969482;-95.07;no
799;800;3506;4.021999835968;78;-95.07;no
800;801;3507;4.021999835968;78.43000030518;-95.06;no
801;802;3508;4.021999835968;78.86000061035;-95.05;no
802;803;3509;4.021999835968;79.29000091553;-95.04;no
803;804;3510;4.021999835968;79.70999908447;-95.04;no
804;805;3511;4.021999835968;80.13999938965;-95.03;no
805;806;3512;4.021999835968;80.56999969482;-95.02;no
806;807;3513;4.021999835968;81;-95.02;no
807;808;3514;4.021999835968;81.43000030518;-95.01;no
808;809;3515;4.021999835968;81.86000061035;-95.01;no
809;810;3516;4.021999835968;82.29000091553;-95;no
810;811;3517;4.021999835968;82.70999908447;-95;no
811;812;3518;4.021999835968;83.13999938965;-94.99;no
812;813;3519;4.021999835968;83.56999969482;-94.99;no
813;814;3520;4.021999835968;84;-94.98;no
814;815;3521;4.021999835968;84.43000030518;-94.98;no
815;816;3522;4.021999835968;84.86000061035;-94.97;no
816;817;3523;4.021999835968;85.29000091553;-94.97;no
817;818;3524;4.021999835968;85.70999908447;-94.97;no
818;819;3525;4.021999835968;86.13999938965;-94.97;no
819;820;3526;4.021999835968;86.56999969482;-94.96;no
820;821;3527;4.021999835968;87;-94.96;no
821;822;3528;4.021999835968;87.43000030518;-94.96;no
822;823;3529;4.021999835968;87.86000061035;-94.96;no
823;824;3530;4.021999835968;88.29000091553;-94.96;no
824;825;3531;4.021999835968;88.70999908447;-94.96;no
825;826;3532;4.021999835968;89.13999938965;-94.96;no
826;827;3601;4.021999835968;90.86000061035;-94.96;no
827;828;3602;4.021999835968;91.29000091553;-94.96;no
828;829;3603;4.021999835968;91.70999908447;-94.96;no
829;830;3604;4.021999835968;92.13999938965;-94.96;no
830;831;3605;4.021999835968;92.56999969482;-94.96;no
831;832;3606;4.021999835968;93;-94.96;no
832;833;3607;4.021999835968;93.43000030518;-94.96;no
833;834;3608;4.021999835968;93.86000061035;-94.97;no
834;835;3609;4.021999835968;94.29000091553;-94.97;no
835;836;3610;4.021999835968;94.70999908447;-94.97;no
836;837;3611;4.021999835968;95.13999938965;-94.97;no
837;838;3612;4.021999835968;95.56999969482;-94.98;no
838;839;3613;4.021999835968;96;-94.98;no
839;840;3614;4.021999835968;96.43000030518;-94.99;no
840;841;3615;4.021999835968;96.86000061035;-94.99;no
841;842;3616;4.021999835968;97.29000091553;-95;no
842;843;3617;4.021999835968;97.70999908447;-95;no
843;844;3618;4.021999835968;98.13999938965;-95.01;no
844;845;3619;4.021999835968;98.56999969482;-95.01;no
845;846;3620;4.021999835968;99;-95.02;no
846;847;3621;4.021999835968;99.43000030518;-95.02;no
847;848;3622;4.021999835968;99.86000061035;-95.03;no
848;849;3623;4.021999835968;100.2900009155;-95.04;no
849;850;3624;4.021999835968;100.7099990845;-95.04;no
850;851;3625;4.021999835968;101.1399993896;-95.05;no
851;852;3626;4.021999835968;101.5699996948;-95.06;no
852;853;3627;4.021999835968;102;-95.07;no
853;854;3628;4.021999835968;102.4300003052;-95.07;no
854;855;3629;4.021999835968;102.8600006104;-95.08;no
855;856;3630;4.021999835968;103.2900009155;-95.09;no
856;857;3631;4.021999835968;103.7099990845;-95.1;no
857;858;3632;4.021999835968;104.1399993896;-95.11;no
858;859;3701;4.021999835968;105.8600006104;-95.15;no
859;860;3702;4.021999835968;106.2900009155;-95.16;no
860;861;3703;4.021999835968;106.7099990845;-95.17;no
861;862;3704;4.021999835968;107.1399993896;-95.19;no
862;863;3705;4.021999835968;107.5699996948;-95.2;no
863;864;3706;4.021999835968;108;-95.21;no
864;865;3707;4.021999835968;108.4300003052;-95.22;no
865;866;3708;4.021999835968;108.8600006104;-95.24;no
866;867;3709;4.021999835968;109.2900009155;-95.25;no
867;868;3710;4.021999835968;109.7099990845;-95.26;no
868;869;3711;4.021999835968;110.1399993896;-95.28;no
869;870;3712;4.021999835968;110.5699996948;-95.29;no
870;871;3713;4.021999835968;111;-95.31;no
871;872;3714;4.021999835968;111.4300003052;-95.32;no
872;873;3715;4.021999835968;111.8600006104;-95.34;no
873;874;3716;4.021999835968;112.2900009155;-95.36;no
874;875;3717;4.021999835968;112.7099990845;-95.37;no
875;876;3718;4.021999835968;113.1399993896;-95.39;no
876;877;3719;4.021999835968;113.5699996948;-95.41;no
877;878;3720;4.021999835968;114;-95.42;no
878;879;3721;4.021999835968;114.4300003052;-95.44;no
879;880;3722;4.021999835968;114.8600006104;-95.46;no
880;881;3723;4.021999835968;115.2900009155;-95.48;no
881;882;3724;4.021999835968;115.7099990845;-95.5;no
882;883;3725;4.021999835968;116.1399993896;-95.52;no
883;884;3726;4.021999835968;116.5699996948;-95.54;no
884;885;3727;4.021999835968;117;-95.56;no
885;886;3728;4.021999835968;117.4300003052;-95.58;no
886;887;3729;4.021999835968;117.8600006104;-95.61;no
887;888;3730;4.021999835968;118.2900009155;-95.63;no
888;889;3731;4.021999835968;118.7099990845;-95.65;no
889;890;3732;4.021999835968;119.1399993896;-95.67;no
890;891;3801;4.021999835968;120.8600006104;-95.77;no
891;892;3802;4.021999835968;121.2900009155;-95.8;no
892;893;3803;4.021999835968;121.7099990845;-95.83;no
893;894;3804;4.021999835968;122.1399993896;-95.85;no
894;895;3805;4.021999835968;122.5699996948;-95.88;no
895;896;3806;4.021999835968;123;-95.91;no
896;897;3807;4.021999835968;123.4300003052;-95.94;no
897;898;3808;4.021999835968;123.8600006104;-95.97;no
898;899;3809;4.021999835968;124.2900009155;-96;no
899;900;3810;4.021999835968;124.7099990845;-96.03;no
900;901;3811;4.021999835968;125.1399993896;-96.06;no
901;902;3812;4.021999835968;125.5699996948;-96.1;no
902;903;3813;4.021999835968;126;-96.13;no
903;904;3814;4.021999835968;126.4300003052;-96.16;no
904;905;3815;4.021999835968;126.8600006104;-96.2;no
905;906;3816;4.021999835968;127.2900009155;-96.23;no
906;907;3817;4.021999835968;127.7099990845;-96.27;no
907;908;3818;4.021999835968;128.1399993896;-96.3;no
908;909;3819;4.021999835968;128.5700073242;-96.34;no
909;910;3820;4.021999835968;129;-96.38;no
910;911;3821;4.021999835968;129.4299926758;-96.42;no
911;912;3822;4.021999835968;129.8600006104;-96.46;no
912;913;3823;4.021999835968;130.2899932861;-96.5;no
913;914;3824;4.021999835968;130.7100067139;-96.54;no
914;915;3825;4.021999835968;131.1399993896;-96.59;no
915;916;3826;4.021999835968;131.5700073242;-96.63;no
916;917;3827;4.021999835968;132;-96.67;no
917;918;3828;4.021999835968;132.4299926758;-96.72;no
918;919;3829;4.021999835968;132.8600006104;-96.77;no
919;920;3830;4.021999835968;133.2899932861;-96.81;no
920;921;3831;4.021999835968;133.7100067139;-96.86;no
921;922;3832;4.021999835968;134.1399993896;-96.91;no
