#Index,Spectrum No,R,    Theta,            Q,            Phi,        Monitor
0,1,   2.500238758326,2.945094746351,0.4408575466636,2.015345228728,no
1,2,   2.500850632787,3.527504128218,0.5280143900601,-2.579991848427,no
2,3,   2.503909278748,4.159612959901,0.622593187209,41.04513218015,no
3,4,   2.505411792731,4.743493196812,0.7099390515785,22.79491765459,no
4,5,   2.506804543039,5.355070527346,0.8014084746736,-8.840080287184,no
5,6,   2.508319234645,5.979325902056,0.8947505054453,-2.191124135476,no
6,7,   2.510167329618,6.620567447478,0.9906047269058,-34.03406456659,no
7,8,   2.511918378458,7.258652125335,1.085956266637,-3.958619203806,no
8,9,   2.514146783617,7.885460055139,1.179589909695,-30.61520568324,no
9,10,  2.516092492729,8.51045923661,1.272918220715,48.25472761001,no
10,11, 2.518808256327,9.138464567726,1.36665728208,-43.65574884654,no
11,12, 2.521603926037,9.778933466786,1.462214418789,-24.32015383993,no
12,13, 2.523661156424,10.4063950351,1.555786602795,44.35309789514,no
13,14, 2.526448216994,11.02203221901,1.64755011923,-85.16758962231,no
14,15, 2.529932617027,11.65495471939,1.741840489768,76.69298999149,no
15,16, 2.533337855987,12.28926838777,1.836284796007,-13.90570047239,no
16,17, 2.536634899825,12.92135994414,1.930342280506,75.72815207369,no
17,18, 2.539509626318,13.54799407173,2.023529712893,5.739069440785,no
18,19, 2.544338535918,14.17621084336,2.116891759602,-59.541933401,no
19,20, 2.547640751237,14.80345140699,2.21004525484,93.85267117156,no
20,21, 2.552474315252,15.43579347077,2.303889356429,8.805714250913,no
21,22, 2.555893318092,16.06873545534,2.397752234673,20.41034018974,no
22,23, 2.560452202642,16.69255372041,2.490190535804,-61.90974981596,no
23,24, 2.565896867427,17.32333663707,2.583585820708,125.5130644062,no
24,25, 2.574843818432,17.95017443705,2.676319435967,172.5806497681,no
25,26, 2.582417107054,18.57868144981,2.769219586578,-175.0682955314,no
26,27, 2.585691351954,19.21202252979,2.862749988891,170.5084130287,no
27,28, 2.590004602484,19.84359183966,2.955931660896,174.2822689452,no
28,29, 2.595347716795,20.47739409337,3.049352510674,173.4446843232,no
29,30, 2.600531351981,21.10761084225,3.142152377178,173.7368073035,no
30,31, 2.607059342179,21.73436309155,3.23434784223,-177.5355912864,no
31,32, 2.612428748567,22.36453598768,3.326948932256,-179.6704744592,no
32,33, 2.61909828056,22.99465934927,3.419442141154,143.1621599902,no
33,34, 2.627502779261,23.62430021271,3.511761250449,165.3594102314,no
34,35, 2.640274989413,24.24894470553,3.603243024505,-3.20975841882,no
35,36, 2.654492926219,24.88364655025,3.696088058445,19.39020794973,no
36,37, 2.654750807551,25.51639424241,3.788534372188,6.397235738061,no
37,38, 2.661942125402,26.14180766104,3.879795626418,4.115281414398,no
38,39, 2.670657107534,26.7752581282,3.972111841775,-2.061355131315,no
39,40, 2.677476022657,27.40397994636,4.063618909685,21.92427004064,no
40,41, 2.687107211498,28.03538853092,4.155393905375,7.171922027713,no
41,42, 2.69582431734,28.66907359749,4.247372938883,37.80191101929,no
42,43, 2.703449199191,29.29706805228,4.338397850335,37.22942102926,no
43,44, 2.714863172425,29.92393260002,4.429129042954,-9.119228506324,no
44,45, 2.725041367772,30.55185923355,4.519881077492,56.51535995579,no
45,46, 2.719959525773,31.17487019048,4.609788544762,-82.30272087358,no
46,47, 2.70432420817,31.80789552855,4.701001622708,-38.63382410676,no
47,48, 2.693764528254,32.43988494739,4.79192232929,-50.03221272686,no
48,49, 2.686720511868,33.07434731005,4.883052189078,43.32017725426,no
49,50, 2.681198977493,33.70858761355,4.974000541342,-14.29485959763,no
50,51, 2.675433141697,34.3352122014,5.063707192194,-32.54689960667,no
51,52, 2.672959773046,34.96032947264,5.153047188011,175.7842507693,no
52,53, 2.671328780197,35.59321864597,5.243341690317,-21.53433021615,no
53,54, 2.671239751272,36.22166188711,5.33284363778,6.286058480935,no
54,55, 2.66905753186,36.85018962793,5.422197194381,7.907835933816,no
55,56, 2.669014169872,37.48142918969,5.511772087187,-26.82629209394,no
56,57, 2.666345816093,38.11369723062,5.601325261219,26.00131011658,no
57,58, 2.662275054852,38.74491996288,5.690560279436,6.886595467206,no
58,59, 2.682080444039,39.36904298304,5.778621865292,177.5349377204,no
59,60, 2.690910010434,40.00498427188,5.86817463237,177.3484754752,no
60,61, 2.679154229923,40.63733697024,5.957042858725,-177.7950390546,no
61,62, 2.674961297185,41.26560430745,6.045157302846,-176.0434140417,no
62,63, 2.670331022735,41.8974309813,6.133587676719,179.1069899704,no
63,64, 2.666807450935,42.52531016296,6.22128084161,174.5754997174,no
64,65, 2.666593158014,43.15541209469,6.309096674308,179.3785490325,no
65,66, 2.663613233113,43.78659281553,6.396871605767,165.9425389988,no
66,67, 2.660470643746,44.41562848432,6.484155152894,-179.7387792779,no
67,68, 2.659933087438,45.0435530538,6.571089657484,166.6638278918,no
68,69, 2.672722071293,45.66602683067,6.657074774741,4.958815958074,no
69,70, 2.677464123283,46.29926013546,6.74434458165,-0.3576384425992,no
70,71, 2.68475453851,46.93162862442,6.83128967628,-0.3076003038448,no
71,72, 2.68812362708,47.56332593285,6.917934786342,0.4753739596453,no
72,73, 2.687122275286,48.19716288062,7.004662075315,-0.203462606924,no
73,74, 2.694149169,48.82759180627,7.090710471213,-0.2316398916043,no
74,75, 2.70192122946,49.45269975127,7.175820700575,0.02252715790384,no
75,76, 2.697197929386,50.08483707551,7.261670836901,-0.1705714274298,no
76,77, 2.694012567314,50.71103307378,7.346496219484,-0.312762403087,no
77,78, 2.691701245133,51.33829095784,7.431245508103,0.1735181964732,no
78,79, 2.680139359182,51.97238983252,7.516692760217,-0.2928082982267,no
79,80, 2.67113942908,52.60294746233,7.601434582919,-0.07476259250878,no
80,81, 2.657981657813,53.23610042342,7.68629360583,-0.4440109993755,no
81,82, 2.659810924238,53.86998568381,7.771015713745,-0.2893864621145,no
82,83, 2.65419500826,54.49856335078,7.854793629628,0.05707908351187,no
83,84, 2.656970180014,55.12392499863,7.937908378983,-0.167185765695,no
84,85, 2.657382008008,55.75582872459,8.0216524749,0.1554293799525,no
85,86, 2.65734399919,56.38657650948,8.105000121569,-0.2285420670904,no
86,87, 2.658229722772,57.01689342102,8.188045524043,0.08842436241704,no
87,88, 2.656206646412,57.64716835502,8.270837683165,0.169108860822,no
88,89, 2.658309151334,58.27764718369,8.353406294781,-0.2348154174648,no
89,90, 2.65664901501,58.90927590188,8.435871933651,0.2368150909546,no
90,91, 2.653637472526,59.53829869071,8.517742629691,0.05995600556671,no
91,92, 2.657366842139,60.16729755608,8.599353570929,0.1791166963032,no
92,93, 2.698063054073,60.77391915525,8.677815715845,-0.2524303793644,no
93,94, 2.74041166675,61.40280663897,8.758901024887,0.1568812646427,no
94,95, 2.677836796106,62.02396552354,8.83873089485,0.1768031140861,no
95,96, 2.659424702591,62.6532556661,8.919340932402,-0.1764468827336,no
96,97, 2.649634699543,63.28174973773,8.999580521921,-0.1133803019684,no
97,98, 2.640554690718,63.90997735456,9.079515547013,0.1242442710873,no
98,99, 2.631157141446,64.54161908757,9.159609855985,-0.0645750578328,no
99,100, 2.624097302804,65.17881135941,9.240126006397,-0.1107532061041,no
100,101,2.649072905232,65.81195596824,9.319847710969,-0.05301596009541,no
101,102,2.659706085704,66.43722226654,9.398298208011,-0.2127530146664,no
102,103,2.655772784691,67.06561221308,9.476858700409,0.1603203740419,no
103,104,2.654942242232,67.69409375277,9.555145599837,-0.09172355004732,no
104,105,2.65861688947,68.32528796007,9.633481116835,-0.006639141853407,no
105,106,2.657197232897,68.95508042769,9.711351360462,-0.2160059924072,no
106,107,2.659257161788,69.58701379154,9.789191475631,-0.2140783414068,no
107,108,2.65342946554,70.21568202621,9.866334004087,-0.1422860506165,no
108,109,2.65387279785,70.84057798069,9.942719359915,-0.03989439073114,no
109,110,2.654689773808,71.46967981158,10.01932015744,-0.1292540444255,no
110,111,2.656311265715,72.1010862078,10.09589792268,0.2465181848516,no
111,112,2.654810483202,72.73161370414,10.1720632162,-0.1418033111265,no
112,113,2.653248095954,73.36075427444,10.2477540198,0.182160137565,no
113,114,2.652179057474,73.98519919524,10.32257445339,-0.06412199240025,no
114,115,2.65746619628,74.61675689531,10.39793534024,-0.387144766838,no
115,116,2.654997738407,75.25066518082,10.4732591036,-0.3368095864645,no
116,117,2.658855091699,75.88215669228,10.54797702847,-0.2244807461606,no
117,118,2.652790891858,76.50944121974,10.62188005273,-0.5104976758967,no
118,119,2.6537551041,77.13499580666,10.69526229204,0.06967563854371,no
119,120,2.655123560744,77.76359112824,10.76868017652,0.06618289583781,no
120,121,2.655460391071,78.39336413429,10.84191065825,-0.01464067948097,no
121,122,2.658724267266,79.025795621,10.91512072356,0.1203254699762,no
122,123,2.654259451703,79.65625770739,10.98777189791,-0.3939015533146,no
123,124,2.652769317155,80.28146271919,11.05948882957,-0.1892540102589,no
124,125,2.652738368778,80.90562442523,11.13075769849,-0.2941131097792,no
125,126,2.656485018704,81.53346028749,11.20211294207,0.0751481582081,no
126,127,2.79785365552,82.1556755336,11.2724976276,-0.2607114269958,no
127,128,2.910890536649,82.58311952863,11.32065742906,0.03861156423124,no
128,129,2.569252388075,83.45724898715,11.41865379604,0.1379418944822,no
129,130,2.651099258796,84.06744114438,11.4866673844,-0.06281812844793,no
130,131,2.651684431887,84.68687320111,11.55537772806,-0.09284075062895,no
131,132,2.654762415091,85.31390210611,11.62458685619,-0.03660868835905,no
132,133,2.659482948728,85.94572162977,11.69397269705,0.3289921528381,no
133,134,2.668408936241,86.58643051229,11.76397170953,-0.7171419732522,no
134,135,2.655021105559,87.21279851899,11.83204845336,-0.4518068849855,no
135,136,2.648189648055,87.81478778273,11.89714247285,-0.1261983211227,no
136,137,2.647991700796,88.41115400195,11.96130472291,0.3151676718968,no
137,138,2.647584341001,89.00739323348,12.02512944891,0.2328714903254,no
138,139,2.64713397529,89.60380928963,12.08864740299,0.08900989510866,no
139,140,2.647879261523,90.20033414662,12.15184938563,0.2999225010921,no
140,141,2.685709732496,90.90410745474,12.22599081126,0.3730732003446,no
141,142,2.653130784117,91.59111149229,12.29792084204,0.2799982266696,no
142,143,2.646796196699,92.24445720341,12.36591678193,0.09651059135218,no
143,144,2.647676358584,92.87810445272,12.43147867169,0.03217246283804,no
144,145,2.64697072246,93.50392786184,12.49585795554,-0.1352062944625,no
145,146,2.652352394889,94.12791164214,12.55967693454,0.3441156513984,no
146,147,2.663407141803,94.76290884667,12.62423999307,0.2847553256904,no
147,148,2.658624370315,95.40366052107,12.6889951909,-0.3125280965566,no
148,149,2.654159800533,96.03945673213,12.75285744402,0.4618892538583,no
149,150,2.65275971448,96.66889437923,12.81569430233,0.6446767026521,no
150,151,2.652295611162,97.29496542495,12.87781150165,-0.05263175961778,no
151,152,2.655864375104,97.9220229075,12.9396412632,0.4238099028331,no
152,153,2.659173752087,98.55873921989,13.00202694317,-0.06316464170991,no
153,154,2.658000015129,99.19507668235,13.06397444406,0.02536892952421,no
154,155,2.654532176918,99.82367638482,13.12477314857,-0.1011489302136,no
155,156,2.653148180047,100.4509339173,13.18504836011,-0.2495177818094,no
156,157,2.651918862043,101.0793106008,13.24503499177,-0.3286274335449,no
157,158,2.603171398242,101.6930541197,13.30324023892,0.04997808299633,no
158,159,2.578515533267,102.3236682589,13.36264792615,0.07556474454698,no
159,160,2.688627117313,102.9260969609,13.41902244376,0.2805458663497,no
160,161,2.772999145209,103.6655135836,13.4877089945,0.4761613105124,no
161,162,2.690340667963,104.2928853882,13.54554711019,0.485239694112,no
162,163,2.6533883565,104.8654283806,13.59797620076,0.3132129793088,no
163,164,2.656339661106,105.4941684527,13.65516026915,0.1856771914762,no
164,165,2.6549315717,106.1275031489,13.7123466124,-0.06152241340023,no
165,166,2.653887575144,106.7604397225,13.76907853981,0.1954842957937,no
166,167,2.651692554244,107.3891093289,13.82501218147,0.2129271388397,no
167,168,2.652246785906,108.017012425,13.88046228085,0.08687004461452,no
168,169,2.6570556216,108.6485784767,13.93581544164,-0.07627141772517,no
169,170,2.654850391475,109.2805328092,13.99077892729,0.1351954857789,no
170,171,2.654598420119,109.9121598362,14.04528876951,0.536520350182,no
171,172,2.654913696277,110.5406089282,14.09910084892,-0.1141288658073,no
172,173,2.653381823169,111.1662704397,14.15225299841,0.2235348982078,no
173,174,2.657864302184,111.8000663757,14.20566603669,0.3219636368496,no
174,175,2.655191404855,112.4323490297,14.25851853543,-0.124776973545,no
175,176,2.656506956487,113.0607830822,14.31061918746,0.1056736419298,no
176,177,2.653889555416,113.6907000839,14.36241085904,-0.06227964111839,no
177,178,2.653913357397,114.3177996796,14.41353979568,-0.09337506176491,no
178,179,2.651953227406,114.9456667882,14.46429886053,0.04757042051428,no
179,180,2.625891712357,115.5738343645,14.51464766759,-0.1205263988589,no
180,181,2.619301921388,116.210090745,14.56520017469,-0.2947629339662,no
181,182,2.630953129941,116.8359240642,14.61448649072,0.3089900293728,no
182,183,2.645967555412,117.4645293135,14.66355229459,-0.08527485007103,no
183,184,2.65850425114,118.0968314714,14.71246150344,0.09188985881179,no
184,185,2.673444561766,118.724017437,14.76053244699,-0.2549972315407,no
185,186,2.711168094918,119.3398605226,14.80730377271,0.1931642718197,no
186,187,2.734762132168,120.0202866544,14.85848262405,0.4644103047788,no
187,188,2.693716242387,120.654358638,14.9057033844,-0.3625772386533,no
188,189,2.658551842832,121.2545010134,14.9499769561,-0.1428788175354,no
189,190,2.659738666361,121.8801725492,14.99569724977,-0.1712879031492,no
190,191,2.661966965292,122.508784345,15.0411821946,-0.3630110276191,no
191,192,2.662175786921,123.1423899446,15.08657044114,-0.3294982664244,no
192,193,2.658433034377,123.7753619262,15.13145275571,0.1216318264344,no
193,194,2.66064252892,124.4041588804,15.17558190892,-0.2619536241967,no
194,195,2.663206289035,125.0319261313,15.21918297905,0.4644127688008,no
195,196,2.66249144518,125.6634280715,15.26258259844,-0.2145968519838,no
196,197,2.661904144455,126.2975299526,15.30569450631,0.3732726380321,no
197,198,2.659753488688,126.9290840787,15.34816735017,-0.1437617439257,no
198,199,2.655983833925,127.5504749943,15.38950170552,0.4840065171375,no
199,200,2.643193110098,128.1837091982,15.43115830741,0.4911656501322,no
200,201,2.635815748642,128.8148985279,15.47221145403,-0.0503076994701,no
201,202,2.61865272032,129.4422404887,15.51254922589,0.5746073904613,no
202,203,2.607694999907,130.0695847575,15.55242221579,0.1138912827825,no
203,204,2.591638146086,130.6986388974,15.59193584758,0.1888726482819,no
204,205,2.57931556388,131.3249926918,15.63081302036,0.2173344432611,no
205,206,2.567118777283,131.9542174942,15.66939817867,-0.09143766730585,no
206,207,2.555685036458,132.5820164803,15.70742505702,0.2737747183098,no
207,208,2.543906958869,133.2044164839,15.74465952243,-0.02006819588089,no
208,209,2.533423790189,133.8308455045,15.78166601855,-0.01314285964186,no
209,210,2.52244129205,134.4560839335,15.8181319066,0.009945843697338,no
210,211,2.513225623652,135.0702076962,15.85349112829,-0.02035251580021,no
211,212,2.503418129683,135.6106700897,15.88423251761,0,no
